Height_Data

node	height
0	28.370426090511515
1	67.56893046296045
2	75.92438388159823
3	113.95599640993821
4	135.1673876154424
5	100.8346327394917
6	207.18435833948448
7	127.13986714822634
8	45.075777334013345
9	27.944014066280477
10	52.627142092952965
11	148.67994085357384
12	161.99180880666998
13	77.22965610716705
14	64.14832273913954
15	46.61975849060578
16	3.9263274498375575
17	64.8214005795945
18	167.36391028785133
19	181.23335349304372
20	14.71503050544177
21	45.972100513935565
22	39.52837292687791
23	104.526582574463
24	105.15793736923818
25	76.90110771418342



height_matrix
0.0  -235.19102623469362  -285.3237467465203  -513.5134219165601  -640.7817691495853  -434.7852398938811  -1072.883593493838  -592.6166463462889  -100.232107461011  2.5584721453862187  -145.5402960146487  -721.8570885783739  -801.7282962969508  -293.15538009993315  -214.6673798917682  -109.49599440056559  146.66459184404374  -218.70584693449788  -833.9609051840388  -917.1775644151932  81.93237351041847  -105.61004654054429  -66.94768101819835  -456.9369389037089  -460.72506767235996  -291.18408974203146  
235.19102623469362  0.0  -50.132720511826676  -278.3223956818665  -405.59074291489173  -199.59421365918752  -837.6925672591442  -357.4256201115953  134.95891877368263  237.74949838007984  89.65073022004492  -486.6660623436803  -566.5372700622572  -57.96435386523956  20.523646342925417  125.69503183412803  381.8556180787374  16.48517930019574  -598.7698789493452  -681.9865381804996  317.1233997451121  129.58097969414933  168.24334521649527  -221.7459126690153  -225.53404143766636  -55.993063507337865  
285.3237467465203  50.132720511826676  0.0  -228.18967517003983  -355.45802240306506  -149.46149314736084  -787.5598467473176  -307.29289959976865  185.0916392855093  287.8822188919065  139.7834507318716  -436.53334183185365  -516.4045495504306  -7.831633353412883  70.6563668547521  175.8277523459547  431.98833859056407  66.61789981202242  -548.6371584375186  -631.853817668673  367.25612025693874  179.713700205976  218.37606572832195  -171.61319215718862  -175.40132092583968  -5.860342995511189  
513.5134219165601  278.3223956818665  228.18967517003983  0.0  -127.26834723302522  78.728182022679  -559.3701715772777  -79.10322442972881  413.28131445554914  516.0718940619463  367.97312590191143  -208.3436666618138  -288.2148743803907  220.35804181662695  298.8460420247919  404.01742751599454  660.1780137606039  294.80757498206225  -320.4474832674787  -403.66414249863305  595.4457954269786  407.90337537601584  446.5657408983618  56.57648301285121  52.78835424420015  222.32933217452864  
640.7817691495853  405.59074291489173  355.45802240306506  127.26834723302522  0.0  205.99652925570422  -432.10182434425246  48.16512280329641  540.5496616885744  643.3402412949715  495.24147313493665  -81.07531942878859  -160.9465271473655  347.6263890496522  426.11438925781715  531.2857747490198  787.4463609936291  422.0759222150875  -193.17913603445345  -276.39579526560783  722.7141426600039  535.1717226090411  573.834088131387  183.84483024587644  180.05670147722537  349.59767940755387  
434.7852398938811  199.59421365918752  149.46149314736084  -78.728182022679  -205.99652925570422  0.0  -638.0983535999567  -157.8314064524078  334.55313243287014  437.34371203926736  289.24494387923244  -287.0718486844928  -366.9430564030697  141.62985979394796  220.11786000211293  325.28924549331555  581.4498317379249  216.07939295938326  -399.17566529015767  -482.39232452131205  516.7176134042996  329.17519335333685  367.8375588756828  -22.15169900982778  -25.939827778478843  143.60115015184965  
1072.883593493838  837.6925672591442  787.5598467473176  559.3701715772777  432.10182434425246  638.0983535999567  0.0  480.2669471475489  972.6514860328268  1075.442065639224  927.3432974791891  351.0265049154639  271.155297196887  779.7282133939046  858.2162136020696  963.3875990932722  1219.5481853378815  854.17774655934  238.922688309799  155.70602907864463  1154.8159670042562  967.2735469532936  1005.9359124756395  615.9466545901289  612.1585258214778  781.6995037518063  
592.6166463462889  357.4256201115953  307.29289959976865  79.10322442972881  -48.16512280329641  157.8314064524078  -480.2669471475489  0.0  492.38453888527795  595.1751184916752  447.07635033164024  -129.240442232085  -209.1116499506619  299.46126624635576  377.94926645452074  483.12065194572335  739.2812381903327  373.91079941179106  -241.34425883774986  -324.56091806890424  674.5490198567074  487.00659980574466  525.6689653280906  135.67970744258002  131.89157867392896  301.43255660425746  
100.232107461011  -134.95891877368263  -185.0916392855093  -413.28131445554914  -540.5496616885744  -334.55313243287014  -972.6514860328268  -492.38453888527795  0.0  102.79057960639722  -45.308188553637706  -621.624981117363  -701.4961888359398  -192.92327263892219  -114.43527243075721  -9.263886939554595  246.89669930505474  -118.47373947348689  -733.7287977230278  -816.9454569541822  182.16448097142947  -5.3779390795332915  33.284426442812645  -356.7048314426979  -360.492960211349  -190.9519822810205  
-2.5584721453862187  -237.74949838007984  -287.8822188919065  -516.0718940619463  -643.3402412949715  -437.34371203926736  -1075.442065639224  -595.1751184916752  -102.79057960639722  0.0  -148.09876816003492  -724.4155607237601  -804.286768442337  -295.7138522453194  -217.22585203715443  -112.05446654595181  144.10611969865752  -221.2643190798841  -836.519377329425  -919.7360365605794  79.37390136503225  -108.16851868593051  -69.50615316358457  -459.49541104909514  -463.2835398177462  -293.7425618874177  
145.5402960146487  -89.65073022004492  -139.7834507318716  -367.97312590191143  -495.24147313493665  -289.24494387923244  -927.3432974791891  -447.07635033164024  45.308188553637706  148.09876816003492  0.0  -576.3167925637252  -656.1880002823021  -147.61508408528448  -69.1270838771195  36.04430161408311  292.2048878586925  -73.16555091984918  -688.4206091693901  -771.6372684005445  227.47266952506718  39.930249474104414  78.59261499645035  -311.3966428890602  -315.1847716577113  -145.64379372738279  
721.8570885783739  486.6660623436803  436.53334183185365  208.3436666618138  81.07531942878859  287.0718486844928  -351.0265049154639  129.240442232085  621.624981117363  724.4155607237601  576.3167925637252  0.0  -79.8712077185769  428.70170847844076  507.18970868660574  612.3610941778084  868.5216804224177  503.15124164387606  -112.10381660566486  -195.32047583681924  803.7894620887924  616.2470420378297  654.9094075601756  264.920149674665  261.13202090601396  430.67299883634246  
801.7282962969508  566.5372700622572  516.4045495504306  288.2148743803907  160.9465271473655  366.9430564030697  -271.155297196887  209.1116499506619  701.4961888359398  804.286768442337  656.1880002823021  79.8712077185769  0.0  508.57291619701766  587.0609164051826  692.2323018963853  948.3928881409946  583.022449362453  -32.23260888708796  -115.44926811824234  883.6606698073693  696.1182497564066  734.7806152787525  344.7913573932419  341.00322862459086  510.54420655491936  
293.15538009993315  57.96435386523956  7.831633353412883  -220.35804181662695  -347.6263890496522  -141.62985979394796  -779.7282133939046  -299.46126624635576  192.92327263892219  295.7138522453194  147.61508408528448  -428.70170847844076  -508.57291619701766  0.0  78.48800020816498  183.6593856993676  439.81997194397695  74.4495331654353  -540.8055250841056  -624.02218431526  375.0877536103517  187.5453335593889  226.20769908173483  -163.78155880377574  -167.5696875724268  1.9712903579016938  
214.6673798917682  -20.523646342925417  -70.6563668547521  -298.8460420247919  -426.11438925781715  -220.11786000211293  -858.2162136020696  -377.94926645452074  114.43527243075721  217.22585203715443  69.1270838771195  -507.18970868660574  -587.0609164051826  -78.48800020816498  0.0  105.17138549120261  361.331971735812  -4.038467042729678  -619.2935252922706  -702.510184523425  296.5997534021867  109.05733335122392  147.71969887356985  -242.26955901194071  -246.05768778059178  -76.51670985026328  
109.49599440056559  -125.69503183412803  -175.8277523459547  -404.01742751599454  -531.2857747490198  -325.28924549331555  -963.3875990932722  -483.12065194572335  9.263886939554595  112.05446654595181  -36.04430161408311  -612.3610941778084  -692.2323018963853  -183.6593856993676  -105.17138549120261  0.0  256.16058624460936  -109.20985253393229  -724.4649107834732  -807.6815700146276  191.42836791098406  3.8859478600213038  42.54831338236724  -347.4409445031433  -351.2290732717944  -181.6880953414659  
-146.66459184404374  -381.8556180787374  -431.98833859056407  -660.1780137606039  -787.4463609936291  -581.4498317379249  -1219.5481853378815  -739.2812381903327  -246.89669930505474  -144.10611969865752  -292.2048878586925  -868.5216804224177  -948.3928881409946  -439.81997194397695  -361.331971735812  -256.16058624460936  0.0  -365.37043877854165  -980.6254970280826  -1063.8421562592368  -64.73221833362527  -252.27463838458803  -213.6122728622421  -603.6015307477527  -607.3896595164038  -437.84868158607526  
218.70584693449788  -16.48517930019574  -66.61789981202242  -294.80757498206225  -422.0759222150875  -216.07939295938326  -854.17774655934  -373.91079941179106  118.47373947348689  221.2643190798841  73.16555091984918  -503.15124164387606  -583.022449362453  -74.4495331654353  4.038467042729678  109.20985253393229  365.37043877854165  0.0  -615.255058249541  -698.4717174806954  300.6382204449163  113.0958003939536  151.75816591629953  -238.23109196921104  -242.0192207378621  -72.4782428075336  
833.9609051840388  598.7698789493452  548.6371584375186  320.4474832674787  193.17913603445345  399.17566529015767  -238.922688309799  241.34425883774986  733.7287977230278  836.519377329425  688.4206091693901  112.10381660566486  32.23260888708796  540.8055250841056  619.2935252922706  724.4649107834732  980.6254970280826  615.255058249541  0.0  -83.21665923115438  915.8932786944573  728.3508586434946  767.0132241658405  377.0239662803299  373.2358375116788  542.7768154420073  
917.1775644151932  681.9865381804996  631.853817668673  403.66414249863305  276.39579526560783  482.39232452131205  -155.70602907864463  324.56091806890424  816.9454569541822  919.7360365605794  771.6372684005445  195.32047583681924  115.44926811824234  624.02218431526  702.510184523425  807.6815700146276  1063.8421562592368  698.4717174806954  83.21665923115438  0.0  999.1099379256117  811.567517874649  850.2298833969949  460.24062551148427  456.4524967428332  625.9934746731617  
-81.93237351041847  -317.1233997451121  -367.25612025693874  -595.4457954269786  -722.7141426600039  -516.7176134042996  -1154.8159670042562  -674.5490198567074  -182.16448097142947  -79.37390136503225  -227.47266952506718  -803.7894620887924  -883.6606698073693  -375.0877536103517  -296.5997534021867  -191.42836791098406  64.73221833362527  -300.6382204449163  -915.8932786944573  -999.1099379256117  0.0  -187.54242005096276  -148.88005452861682  -538.8693124141274  -542.6574411827785  -373.11646325245  
105.61004654054429  -129.58097969414933  -179.713700205976  -407.90337537601584  -535.1717226090411  -329.17519335333685  -967.2735469532936  -487.00659980574466  5.3779390795332915  108.16851868593051  -39.930249474104414  -616.2470420378297  -696.1182497564066  -187.5453335593889  -109.05733335122392  -3.8859478600213038  252.27463838458803  -113.0958003939536  -728.3508586434946  -811.567517874649  187.54242005096276  0.0  38.66236552234594  -351.32689236316463  -355.1150211318157  -185.5740432014872  
66.94768101819835  -168.24334521649527  -218.37606572832195  -446.5657408983618  -573.834088131387  -367.8375588756828  -1005.9359124756395  -525.6689653280906  -33.284426442812645  69.50615316358457  -78.59261499645035  -654.9094075601756  -734.7806152787525  -226.20769908173483  -147.71969887356985  -42.54831338236724  213.6122728622421  -151.75816591629953  -767.0132241658405  -850.2298833969949  148.88005452861682  -38.66236552234594  0.0  -389.9892578855106  -393.77738665416166  -224.23640872383314  
456.9369389037089  221.7459126690153  171.61319215718862  -56.57648301285121  -183.84483024587644  22.15169900982778  -615.9466545901289  -135.67970744258002  356.7048314426979  459.49541104909514  311.3966428890602  -264.920149674665  -344.7913573932419  163.78155880377574  242.26955901194071  347.4409445031433  603.6015307477527  238.23109196921104  -377.0239662803299  -460.24062551148427  538.8693124141274  351.32689236316463  389.9892578855106  0.0  -3.788128768651063  165.75284916167743  
460.72506767235996  225.53404143766636  175.40132092583968  -52.78835424420015  -180.05670147722537  25.939827778478843  -612.1585258214778  -131.89157867392896  360.492960211349  463.2835398177462  315.1847716577113  -261.13202090601396  -341.00322862459086  167.5696875724268  246.05768778059178  351.2290732717944  607.3896595164038  242.0192207378621  -373.2358375116788  -456.4524967428332  542.6574411827785  355.1150211318157  393.77738665416166  3.788128768651063  0.0  169.5409779303285  
291.18408974203146  55.993063507337865  5.860342995511189  -222.32933217452864  -349.59767940755387  -143.60115015184965  -781.6995037518063  -301.43255660425746  190.9519822810205  293.7425618874177  145.64379372738279  -430.67299883634246  -510.54420655491936  -1.9712903579016938  76.51670985026328  181.6880953414659  437.84868158607526  72.4782428075336  -542.7768154420073  -625.9934746731617  373.11646325245  185.5740432014872  224.23640872383314  -165.75284916167743  -169.5409779303285  0.0  



slope_matrix
0.0  -0.004779334001924276  -0.006839015981460219  -0.009467430345069323  -0.007891401097901297  -0.00515698303752676  -0.016898465797666372  -0.007796561588557939  -0.0029256306906307937  3.2328432466340895e-05  -0.007328312991674154  -0.01032847458260658  -0.013723524414531852  -0.003303159212393613  -0.007769358664197185  -0.004547175847199568  0.0015938338605090605  -0.003296244867136366  -0.010389446931406986  -0.015085157309460414  0.001029948127095141  -0.0017595809153706145  -0.0010866366014964835  -0.00715977654189453  -0.006821514179336096  -0.007592805469153363  
0.004801776770818571  0.0  -0.0023602975758863784  -0.009231256904871194  -0.01073843640230055  -0.004140099847732576  -0.021095254778623625  -0.007443265724939511  0.004645745913035546  0.007399610905075626  0.0018107600529195095  -0.01096588693879406  -0.014009329131114174  -0.001292116671093169  0.0008722331637452366  0.0022235102040355217  0.0030334891807970877  0.000808097024519399  -0.014839402204444739  -0.019012727576819058  0.00550265308158998  0.0025156470528858344  0.009173573894029187  -0.003832456147062138  -0.003707612057170251  -0.005048968756297373  
0.006762828792285383  0.0023415563060171264  0.0  -0.018124676343926914  -0.00898756061701808  -0.0034100272221620088  -0.03135190472720213  -0.008571628998598847  0.005653379330650864  0.005839395920728327  0.0030850463635372235  -0.01377511334275335  -0.02295131331335247  -0.0001662767166329699  0.004256407641852536  0.0033599799798577244  0.0035502000212899744  0.002345700697606423  -0.014206037245922282  -0.03131089284780342  0.004767021719044908  0.003072029063350017  0.0057847964431343565  -0.0027546258773224496  -0.0026567906835177173  -0.0003709077845260246  
0.009389530479366614  0.009206827511805045  0.01813908387679172  0.0  -0.004219772786240889  0.0022859518589628046  -0.03774427608483655  -0.002989539849951958  0.00925187630301207  0.00952865387854406  0.006428601081444994  -0.00974023687058503  -0.024466457927028073  0.005843490899406708  0.01047479993076733  0.006287230431310217  0.004930012797853812  0.013616978059217655  -0.010962965558244225  -0.04805525505936108  0.0069349972097573825  0.005791614019253384  0.009589129072329006  0.0007621781356978475  0.0006772078799769102  0.008295870603527189  
0.007843106109542048  0.010744125640129583  0.008978479979870297  0.004211394680113343  0.0  0.014830563661317799  -0.01810229678861552  0.0024917290638021942  0.008967313564840318  0.013292153745763874  0.00589152359189789  -0.003614592930396281  -0.00536309653939905  0.031746702196315264  0.007732070209722684  0.0057898233991087785  0.004753560801391027  0.021135499359794065  -0.03268682504813087  -0.01034802677894451  0.00843307050945162  0.006468113640428343  0.012134364308128294  0.002063585478121859  0.0019558624970369906  0.007568687581891186  
0.005123559272847998  0.004127258346964175  0.003403814464754289  -0.0022793335849067456  -0.014819894191057857  0.0  -0.028678577689885694  -0.015488852448715193  0.004704065416660154  0.007143804508972025  0.003241202867315469  -0.01881204775127738  -0.012911437593352205  0.007672256760235534  0.0036772111594071655  0.0033537739761353054  0.0034025996098986733  0.007369692802161775  -0.0421071376888352  -0.017370987559283832  0.005208846909317537  0.003517580608605865  0.006147018029339619  -0.0002216721606107053  -0.00025208773351291394  0.0026142572392472176  
0.017070542458135846  0.021545590721685808  0.03230352119554215  0.040012172501951195  0.01778196808001039  0.02852473641483937  0.0  0.034134111382199635  0.017224216150749545  0.019359893170823116  0.01343781042572365  0.04415427734785709  0.043108950269775355  0.025357015069720476  0.021279846605555906  0.012671150849576117  0.008384079371221514  0.037073686916638024  0.010974859361956775  0.024598108859185567  0.012283969439466613  0.011763025014633267  0.01856998176990289  0.0071596728419171096  0.006820707808595853  0.020251282480616743  
0.007742574423128938  0.007412393614923171  0.008456051172255605  0.0029330079506758922  -0.002482738288829712  0.015045891940172336  -0.033655707578664956  0.0  0.007195448471215519  0.009527375035884028  0.005519461115205435  -0.01914673218253111  -0.010230511250032383  0.011725186618886286  0.007227945428466643  0.005395464161463038  0.004516570167705262  0.012231298639574454  -0.014573928673777166  -0.016400248512829927  0.006683335181380238  0.005170470323874558  0.008604828373352278  0.0013846280992201247  0.0012967415069701008  0.0060142170112581295  
0.002914571313201832  -0.0047106079851198124  -0.005641317869110311  -0.009239466006160275  -0.008890619435667341  -0.004684961944165665  -0.01698657851960927  -0.007242014103328106  0.0  0.0021361300832584626  -0.0013813472120011495  -0.009738758908308992  -0.012838510044581622  -0.002841703824405983  -0.006889540784512776  -0.00023264407181201895  0.002261580098058576  -0.0027172876026029104  -0.011545693119166449  -0.01561440093566862  0.0037528735263994534  -0.0001826745611254515  0.00115570925148655  -0.010635206661976683  -0.009675066028216559  -0.009269513702962159  
-3.2696129653498e-05  -0.007661923892364803  -0.005965234539824006  -0.009772238100017918  -0.013670638361559106  -0.0072745128416378466  -0.019475589743557117  -0.009683942702435328  -0.002200140830616379  0.0  -0.001896999720251504  -0.01229281453799016  -0.01425282240727161  -0.005461012968519287  -0.004114125985552167  -0.0013168934839105865  0.0009290575701028787  -0.006848168340448286  -0.016006876718894468  -0.017900662447656274  0.001728149387438107  -0.0017729637548915015  -0.0036951702904616996  -0.0063117501517732846  -0.006415780914246589  -0.007278061493741767  
0.007317259729243273  -0.0018166308048641322  -0.0031069893472298643  -0.006442106545901811  -0.005867789966053752  -0.003259097959202619  -0.013337311915420525  -0.005562034714252802  0.0013851479227648335  0.0018656937283955018  0.0  -0.0075612279265773455  -0.01017977040462771  -0.0016041630524373449  -0.0023836925474868794  0.00404084098812591  0.0037332935717221474  -0.0010907207948695466  -0.008240610595755208  -0.012043659566108077  0.0029163162759623996  0.0006829185817360085  0.0013085683482592465  -0.005000749042702107  -0.004776250517619507  -0.0037760900629344772  
0.010312244122548199  0.010956012209448003  0.013928951558131897  0.009949554281844021  0.0036194339030709193  0.018284831126400815  -0.04517715635977656  0.017777227267136864  0.00980017312182505  0.012099808931414066  0.007583115691627964  0.0  -0.005729641873642532  0.014979095334676477  0.010725094283920612  0.007376067142589838  0.00567253399792579  0.018203735225900002  -0.005707933635726316  -0.014696800288699716  0.008174407221486752  0.006909373719450944  0.011196946615834768  0.0028489100943613834  0.002700155319057119  0.009452875303694961  
0.01371648068942602  0.013985121453030293  0.02298195592124747  0.024528925479182187  0.0054063327896327  0.012966185738624372  -0.039184291502440315  0.010455582497533094  0.0128573348393684  0.013943945361344261  0.010135742976248103  0.005754409777995454  0.0  0.013880265180049608  0.01528008631976009  0.009646492501343161  0.006717139231822329  0.023163386943283792  -0.0011653148549200275  -0.017256990750110963  0.009191298923532825  0.008666810878441317  0.013051165457881927  0.004098803582896361  0.003882095043540424  0.013768721859625657  
0.003275113172829105  0.0012929813487673335  0.00016522433235048278  -0.0057943213730377845  -0.031688823067424994  -0.007799001089975108  -0.02560683787828915  -0.01178981363174629  0.0028640628360885123  0.0053300982740684824  0.00160678223669625  -0.014989570226518908  -0.013899232473271869  0.0  0.0012438668812704433  0.0018572088755118576  0.0025355115294468994  0.0027522932778349463  -0.05581068370321007  -0.018305138876951014  0.004042765182262898  0.002088013065680126  0.004160524169242869  -0.001703042100486386  -0.001690232878479189  3.7005638406264196e-05  
0.007685906906257365  -0.0008576534200971758  -0.004264113871741224  -0.010489506564576761  -0.00769020734989744  -0.0036852144651282927  -0.02092189696738346  -0.007303367467720208  0.006885395453114152  0.004033157297384969  0.00238698494050827  -0.010657484948237145  -0.015288044698051631  -0.0012458412731454758  0.0  0.0029230512921401505  0.0034304753796241525  -0.00010325919311505186  -0.011359015504260283  -0.019470903118720205  0.004790821408531525  0.0025733207492030182  0.00366823190647057  -0.0052462009313975905  -0.004931015787186208  -0.005936129546180239  
0.004520891593747547  -0.002227845300144063  -0.0033774059228957876  -0.0062940867349430525  -0.00580830627253766  -0.0033845515086184117  -0.012576861606961778  -0.005524535756955098  0.00023287800250262935  0.0012961765939381354  -0.004045376163196758  -0.0073521562513844205  -0.009677510162119185  -0.0018534603461435825  -0.0029157578456113836  0.0  0.0035957409635683515  -0.0014728233652586957  -0.007995418946953683  -0.01135340975561748  0.002250245302821019  5.929123985384962e-05  0.0006338196541392409  -0.005010685672096097  -0.004807405875606274  -0.003980896041662268  
-0.0015978275612162952  -0.0030460722565310897  -0.003570151558599703  -0.004946635799195294  -0.004772084048903583  -0.003425108427365089  -0.008355358902013438  -0.0045418485982781495  -0.0022709409428353085  -0.0009240533485005292  -0.003753434654575369  -0.005692984271253394  -0.006731442175746998  -0.0025487796891764474  -0.003440929166134768  -0.003616554937803323  0.0  -0.0025491553671844113  -0.005976471968284461  -0.007571830293660048  -0.00042031178711528645  -0.0018759268172560085  -0.0015680266671235564  -0.004365067477203881  -0.004277391968425378  -0.003821336023617344  
0.003268168663097697  -0.0008014185367134536  -0.0023432254594450376  -0.013866772106399918  -0.021114353287398073  -0.007440750446259754  -0.036086934793381494  -0.012307794582349936  0.002729809665287716  0.006604905047160719  0.0010821705505080488  -0.018376597576474654  -0.023433378189809204  -0.0027492442084724998  0.00010291710098699485  0.001463350563231037  0.0025264170846255127  0.0  -0.029048869605738478  -0.035222981214356804  0.0041778518683284645  0.0017172153111745156  0.004724724966260882  -0.003299142666794226  -0.0032191968706818583  -0.0024983882387981248  
0.010364913064678584  0.01489847919754529  0.014306053675033079  0.011057539105157995  0.03377257622979955  0.04495221455970244  -0.01142077859989479  0.015207577746550086  0.011655739439603302  0.01576850852647361  0.008294224206860122  0.0058785430836740885  0.0011911533217696957  0.05541040216025672  0.011457789552123416  0.008003191608487144  0.005964367371562535  0.029090073676101228  0.0  -0.0033883004572945593  0.010062549754938007  0.008527700019242414  0.014844459534852729  0.004108805212296533  0.003939996173458026  0.01140287427399175  
0.015001268636166064  0.01894407050501388  0.031202657662650516  0.04822749611692151  0.010433967356195086  0.017154776832194598  -0.021838152745952966  0.016375424725979023  0.015608434408753959  0.017462237261450148  0.011989391988821388  0.014256969039183887  0.017154423197361417  0.018332026566253233  0.019406358688492404  0.01131523634091661  0.0075551605444161415  0.034646414557574175  0.0033061843158980683  0.0  0.010963567847312759  0.010391389473427003  0.016576913304679173  0.00561954365703888  0.005331143386391418  0.018160530161681513  
-0.0010302071358030739  -0.005545957568862247  -0.004774458473718994  -0.006937421158171041  -0.008437008436376417  -0.005211473660154308  -0.012220274783113822  -0.006695940240785263  -0.0037521005349419045  -0.001862799844286136  -0.0029185613231340413  -0.008184395296698834  -0.00923268905869156  -0.004044072815205948  -0.004803234872909906  -0.0022531587560144077  0.00041949464282046056  -0.004199444342015872  -0.01004599406267914  -0.011020405227505093  0.0  -0.005243008667905025  -0.0031263529646294035  -0.012407766806680346  -0.013164906384832083  -0.005675638321454974  
0.0017522821725658585  -0.0025117460688922144  -0.003062083833804328  -0.0057768499557572  -0.006390873210043481  -0.0034888732734852873  -0.011634274079303506  -0.0051880963013289086  0.00018028625811375432  0.0017776256152166065  -0.000680474599081534  -0.006869323843917397  -0.00864528377740197  -0.0020647950408388075  -0.0025666588221045874  -5.914684718449473e-05  0.00186800916982294  -0.0016996663720161345  -0.008421214691218575  -0.010378101251593977  0.005271006746794906  0.0  0.0008423173316415237  -0.02719248392903751  -0.028800893846862588  -0.003992556867501876  
0.0010845242348647068  -0.009352048094302127  -0.005787862860543916  -0.00957473715476762  -0.012308753499171751  -0.0062472411493832  -0.018635344803179688  -0.008729142566059294  -0.0011561106788055798  0.0035553019521015125  -0.001306827652085972  -0.0113522171530625  -0.01331365492442023  -0.004211649582605378  -0.0036911468983900513  -0.0006335365304104712  0.0015571677566864127  -0.004884395426980995  -0.015033579462286171  -0.016957117738272735  0.0031322727173553433  -0.0008430520174955503  0.0  -0.007052246978038166  -0.006901110877219798  -0.008130399156049063  
0.007097498274366401  0.0038351074484437096  0.0027326941426303922  -0.0007571799118422271  -0.00204340146988859  0.0002202396004158658  -0.007059560511061649  -0.001384769416641968  0.010509865393126044  0.00628842768645265  0.004959334971955092  -0.0028237065622965787  -0.004074103242269194  0.0016874259097854497  0.0051989175753635345  0.004976950931143724  0.004337464291087617  0.0032737541839935554  -0.004066263657035482  -0.005591551761772376  0.012311384793560143  0.026140393777021178  0.007012933966651872  0.0  -0.0007201765719868942  0.0032763955161430607  
0.006802378084635464  0.0037290681454640604  0.0026515694773369567  -0.0006761669558626892  -0.0019438270698178277  0.000251257533693131  -0.006756716620546113  -0.0013016044475863905  0.009667282387003191  0.0064193368410384675  0.004765418380068208  -0.0026873728610272095  -0.0038759175792747315  0.0016804020013279864  0.004926079835447282  0.004800834790483794  0.004262084481905857  0.003208527386157525  -0.003913145706769541  -0.005328653942830179  0.013155331907461296  0.02831858222741752  0.006881813817793807  0.0007188100130267672  0.0  0.003143140117358704  
0.007526081409719086  0.004852085225939156  0.0003690392314553646  -0.008314485122458064  -0.00761982736284991  -0.002619502921412799  -0.019905767857188856  -0.0060419434075818295  0.009369577148234567  0.007083254446284487  0.0037663251545741604  -0.009395135227668902  -0.013787313166484455  -3.7215222916777304e-05  0.005917765649672334  0.003976539622268896  0.003806055994315675  0.0025422042373740303  -0.011340928028458156  -0.018234589999218224  0.005681688187185168  0.00402197752929101  0.008042912794972493  -0.0033190398310307856  -0.0031595411466703036  0.0  
