Height_Data

node	height
0	94.2285697628108
1	19.559763855407347
2	50.124933237782905
3	22.138003784575346
4	41.913641065679705
5	47.28902095111303
6	60.256036607429
7	40.33793839933483
8	23.763331443293843
9	69.45260984854275
10	76.00194950206132
11	78.84381738210189
12	37.91754068236527
13	10.833980063685145
14	25.813835922267764
15	16.8156472665442
16	130.66175603338132
17	53.30780789433852
18	42.45554352199133
19	23.955964895715635
20	19.676952027750648
21	33.66714769866169
22	21.20754538450452
23	78.56422542728792
24	53.119476827093514
25	31.116108632287176



height_matrix
0.0  448.0128354444207  264.62181915016737  432.54339586941273  313.8895721827866  281.6372928701866  203.83519893229078  323.3437881808558  422.79142991710177  148.6557594856083  109.35972156449691  92.30851428425348  337.86617448267316  500.36753819475393  410.48840304325824  464.4775349775996  -218.59911762342313  245.5245712108337  310.6381574449168  421.635629202571  447.30970641036095  363.3685323848947  438.1261462698377  93.98606601313725  246.6545576143037  378.67476678314176  
-448.0128354444207  0.0  -183.39101629425335  -15.469439575007996  -134.12326326163412  -166.3755425742341  -244.17763651212994  -124.6690472635649  -25.221405527318964  -299.3570759588124  -338.6531138799238  -355.70432116016724  -110.14666096174754  52.35470275033322  -37.524432401162485  16.464699533178887  -666.6119530678438  -202.48826423358702  -137.3746779995039  -26.37720624184972  -0.7031290340598133  -84.64430305952602  -9.88668917458304  -354.02676943128347  -201.358277830117  -69.33806866127897  
-264.62181915016737  183.39101629425335  0.0  167.92157671924537  49.267753032619225  17.01547372001926  -60.78662021787659  58.721969030688456  158.1696107669344  -115.96605966455905  -155.26209758567046  -172.3133048659139  73.24435533250582  235.74571904458656  145.86658389309088  199.85571582743225  -483.2209367735905  -19.09724793933367  46.01633829474946  157.01381005240364  182.68788726019355  98.74671323472734  173.50432711967034  -170.63575313703012  -17.967261535863656  114.0529476329744  
-432.54339586941273  15.469439575007996  -167.92157671924537  0.0  -118.65382368662614  -150.9061029992261  -228.70819693712195  -109.19960768855691  -9.751965952310968  -283.8876363838044  -323.1836743049158  -340.23488158515926  -94.67722138673955  67.82414232534121  -22.05499282615449  31.934139108186884  -651.1425134928359  -187.01882465857904  -121.9052384244959  -10.907766666841724  14.766310540948183  -69.17486348451803  5.582750400424956  -338.5573298562755  -185.88883825510902  -53.86862908627097  
-313.8895721827866  134.12326326163412  -49.267753032619225  118.65382368662614  0.0  -32.25227931259997  -110.05437325049581  9.45421599806923  108.90185773431517  -165.23381269717828  -204.5298506182897  -221.58105789853312  23.976602299886594  186.47796601196734  96.59883086047165  150.58796279481302  -532.4886898062098  -68.3650009719529  -3.2514147378697658  107.74605701978442  133.42013422757432  49.47896020210811  124.2365740870511  -219.90350616964935  -67.23501456848288  64.78519460035517  
-281.6372928701866  166.3755425742341  -17.01547372001926  150.9061029992261  32.25227931259997  0.0  -77.80209393789585  41.7064953106692  141.15413704691514  -132.9815333845783  -172.27757130568972  -189.32877858593315  56.22888161248656  218.7302453245673  128.85111017307162  182.840242107413  -500.23641049360975  -36.11272165935293  29.0008645747302  139.99833633238438  165.6724135401743  81.73123951470808  156.48885339965108  -187.65122685704938  -34.982735255882915  97.03747391295514  
-203.83519893229078  244.17763651212994  60.78662021787659  228.70819693712195  110.05437325049581  77.80209393789585  0.0  119.50858924856504  218.956230984811  -55.179439446682466  -94.47547736779387  -111.5266846480373  134.0309755503824  296.53233926246315  206.65320411096747  260.64233604530887  -422.4343165557139  41.68937227854292  106.80295851262605  217.80043027028023  243.47450747807014  159.53333345260393  234.29094733754692  -109.84913291915353  42.81935868201293  174.83956785085098  
-323.3437881808558  124.6690472635649  -58.721969030688456  109.19960768855691  -9.45421599806923  -41.7064953106692  -119.50858924856504  0.0  99.44764173624594  -174.6880286952475  -213.98406661635892  -231.03527389660235  14.522386301817363  177.0237500138981  87.14461486240242  141.1337467967438  -541.942905804279  -77.81921697002213  -12.705630735938996  98.29184102171519  123.96591822950509  40.02474420403888  114.78235808898187  -229.35772216771858  -76.68923056655211  55.33097860228594  
-422.79142991710177  25.221405527318964  -158.1696107669344  9.751965952310968  -108.90185773431517  -141.15413704691514  -218.956230984811  -99.44764173624594  0.0  -274.13567043149345  -313.43170835260486  -330.4829156328483  -84.92525543442858  77.57610827765218  -12.303026873843521  41.68610506049785  -641.390547540525  -177.26685870626807  -112.15327247218494  -1.1558007145307556  24.51827649325915  -59.42289753220706  15.334716352735924  -328.8053639039645  -176.13687230279805  -44.11666313396  
-148.6557594856083  299.3570759588124  115.96605966455905  283.8876363838044  165.23381269717828  132.9815333845783  55.179439446682466  174.6880286952475  274.13567043149345  0.0  -39.296037921111406  -56.34724520135484  189.21041499706487  351.7117787091456  261.83264355764993  315.8217754919913  -367.25487710903144  96.86881172522538  161.9823979593085  272.9798697169627  298.65394692475263  214.7127728992864  289.4703867842294  -54.66969347247107  97.9987981286954  230.01900729753345  
-109.35972156449691  338.6531138799238  155.26209758567046  323.1836743049158  204.5298506182897  172.27757130568972  94.47547736779387  213.98406661635892  313.43170835260486  39.296037921111406  0.0  -17.051207280243432  228.50645291817628  391.007816630257  301.12868147876134  355.1178134131027  -327.95883918792003  136.1648496463368  201.27843588041992  312.2759076380741  337.94998484586404  254.0088108203978  328.7664247053408  -15.373655551359661  137.2948360498068  269.31504521864485  
-92.30851428425348  355.70432116016724  172.3133048659139  340.23488158515926  221.58105789853312  189.32877858593315  111.5266846480373  231.03527389660235  330.4829156328483  56.34724520135484  17.051207280243432  0.0  245.5576601984197  408.05902391050046  318.17988875900477  372.16902069334617  -310.9076319076766  153.21605692658022  218.32964316066335  329.32711491831753  355.0011921261074  271.06001810064123  345.8176319855842  1.6775517288837705  154.34604333005024  286.3662524988883  
-337.86617448267316  110.14666096174754  -73.24435533250582  94.67722138673955  -23.976602299886594  -56.22888161248656  -134.0309755503824  -14.522386301817363  84.92525543442858  -189.21041499706487  -228.50645291817628  -245.5576601984197  0.0  162.50136371208077  72.62222856058506  126.61136049492643  -556.4652921060963  -92.34160327183949  -27.22801703775636  83.76945471989782  109.44353192768773  25.50235790222152  100.2599717871645  -243.88010846953594  -91.21161686836948  40.808592300468575  
-500.36753819475393  -52.35470275033322  -235.74571904458656  -67.82414232534121  -186.47796601196734  -218.7302453245673  -296.53233926246315  -177.0237500138981  -77.57610827765218  -351.7117787091456  -391.007816630257  -408.05902391050046  -162.50136371208077  0.0  -89.8791351514957  -35.89000321715433  -718.9666558181771  -254.84296698392023  -189.7293807498371  -78.73190899218294  -53.05783178439303  -136.99900580985923  -62.24139192491626  -406.3814721816167  -253.71298058045022  -121.69277141161218  
-410.48840304325824  37.524432401162485  -145.86658389309088  22.05499282615449  -96.59883086047165  -128.85111017307162  -206.65320411096747  -87.14461486240242  12.303026873843521  -261.83264355764993  -301.12868147876134  -318.17988875900477  -72.62222856058506  89.8791351514957  0.0  53.98913193434137  -629.0875206666814  -164.96383183242455  -99.85024559834142  11.147226159312766  36.82130336710267  -47.11987065836354  27.637743226579445  -316.502337030121  -163.83384542895453  -31.813636260116482  
-464.4775349775996  -16.464699533178887  -199.85571582743225  -31.934139108186884  -150.58796279481302  -182.840242107413  -260.64233604530887  -141.1337467967438  -41.68610506049785  -315.8217754919913  -355.1178134131027  -372.16902069334617  -126.61136049492643  35.89000321715433  -53.98913193434137  0.0  -683.0766526010227  -218.95296376676592  -153.8393775326828  -42.84190577502861  -17.1678285672387  -101.10900259270491  -26.351388707761927  -370.49146896446234  -217.8229773632959  -85.80276819445785  
218.59911762342313  666.6119530678438  483.2209367735905  651.1425134928359  532.4886898062098  500.23641049360975  422.4343165557139  541.942905804279  641.390547540525  367.25487710903144  327.95883918792003  310.9076319076766  556.4652921060963  718.9666558181771  629.0875206666814  683.0766526010227  0.0  464.1236888342568  529.23727506834  640.2347468259941  665.9088240337841  581.9676500083178  656.7252638932608  312.5851836365604  465.25367523772684  597.2738844065649  
-245.5245712108337  202.48826423358702  19.09724793933367  187.01882465857904  68.3650009719529  36.11272165935293  -41.68937227854292  77.81921697002213  177.26685870626807  -96.86881172522538  -136.1648496463368  -153.21605692658022  92.34160327183949  254.84296698392023  164.96383183242455  218.95296376676592  -464.1236888342568  0.0  65.11358623408313  176.1110579917373  201.78513519952722  117.84396117406101  192.601575059004  -151.53850519769645  1.1299864034700136  133.15019557230806  
-310.6381574449168  137.3746779995039  -46.01633829474946  121.9052384244959  3.2514147378697658  -29.0008645747302  -106.80295851262605  12.705630735938996  112.15327247218494  -161.9823979593085  -201.27843588041992  -218.32964316066335  27.22801703775636  189.7293807498371  99.85024559834142  153.8393775326828  -529.23727506834  -65.11358623408313  0.0  110.99747175765418  136.6715489654441  52.73037493997788  127.48798882492086  -216.65209143177958  -63.983599830613116  68.03660933822493  
-421.635629202571  26.37720624184972  -157.01381005240364  10.907766666841724  -107.74605701978442  -139.99833633238438  -217.80043027028023  -98.29184102171519  1.1558007145307556  -272.9798697169627  -312.2759076380741  -329.32711491831753  -83.76945471989782  78.73190899218294  -11.147226159312766  42.84190577502861  -640.2347468259941  -176.1110579917373  -110.99747175765418  0.0  25.674077207789907  -58.267096817676304  16.49051706726668  -327.64956318943376  -174.9810715882673  -42.96086241942925  
-447.30970641036095  0.7031290340598133  -182.68788726019355  -14.766310540948183  -133.42013422757432  -165.6724135401743  -243.47450747807014  -123.96591822950509  -24.51827649325915  -298.65394692475263  -337.94998484586404  -355.0011921261074  -109.44353192768773  53.05783178439303  -36.82130336710267  17.1678285672387  -665.9088240337841  -201.78513519952722  -136.6715489654441  -25.674077207789907  0.0  -83.94117402546621  -9.183560140523227  -353.3236403972237  -200.6551487960572  -68.63493962721915  
-363.3685323848947  84.64430305952602  -98.74671323472734  69.17486348451803  -49.47896020210811  -81.73123951470808  -159.53333345260393  -40.02474420403888  59.42289753220706  -214.7127728992864  -254.0088108203978  -271.06001810064123  -25.50235790222152  136.99900580985923  47.11987065836354  101.10900259270491  -581.9676500083178  -117.84396117406101  -52.73037493997788  58.267096817676304  83.94117402546621  0.0  74.75761388494298  -269.38246637175746  -116.713974770591  15.306234398247057  
-438.1261462698377  9.88668917458304  -173.50432711967034  -5.582750400424956  -124.2365740870511  -156.48885339965108  -234.29094733754692  -114.78235808898187  -15.334716352735924  -289.4703867842294  -328.7664247053408  -345.8176319855842  -100.2599717871645  62.24139192491626  -27.637743226579445  26.351388707761927  -656.7252638932608  -192.601575059004  -127.48798882492086  -16.49051706726668  9.183560140523227  -74.75761388494298  0.0  -344.14008025670046  -191.471588655534  -59.45137948669593  
-93.98606601313725  354.02676943128347  170.63575313703012  338.5573298562755  219.90350616964935  187.65122685704938  109.84913291915353  229.35772216771858  328.8053639039645  54.66969347247107  15.373655551359661  -1.6775517288837705  243.88010846953594  406.3814721816167  316.502337030121  370.49146896446234  -312.5851836365604  151.53850519769645  216.65209143177958  327.64956318943376  353.3236403972237  269.38246637175746  344.14008025670046  0.0  152.66849160116647  284.6887007700045  
-246.6545576143037  201.358277830117  17.967261535863656  185.88883825510902  67.23501456848288  34.982735255882915  -42.81935868201293  76.68923056655211  176.13687230279805  -97.9987981286954  -137.2948360498068  -154.34604333005024  91.21161686836948  253.71298058045022  163.83384542895453  217.8229773632959  -465.25367523772684  -1.1299864034700136  63.983599830613116  174.9810715882673  200.6551487960572  116.713974770591  191.471588655534  -152.66849160116647  0.0  132.02020916883805  
-378.67476678314176  69.33806866127897  -114.0529476329744  53.86862908627097  -64.78519460035517  -97.03747391295514  -174.83956785085098  -55.33097860228594  44.11666313396  -230.01900729753345  -269.31504521864485  -286.3662524988883  -40.808592300468575  121.69277141161218  31.813636260116482  85.80276819445785  -597.2738844065649  -133.15019557230806  -68.03660933822493  42.96086241942925  68.63493962721915  -15.306234398247057  59.45137948669593  -284.6887007700045  -132.02020916883805  0.0  



slope_matrix
0.0  0.005289969836752674  0.004968490783893492  0.005409429545270979  0.004776165127553052  0.005337072065002589  0.002575302576529258  0.0036111658273492945  0.010109790289744184  0.004086194598285  0.0012568638267382705  0.0021683935702197198  0.008450879801967813  0.005876997159910195  0.010118028174593499  0.01860142310683218  -0.04010992983916021  0.003116189506420024  0.0045501414595710684  0.012661730606683814  0.004756589817209282  0.00458740730191762  0.005045792309914058  0.0010568544474658412  0.0030320166885593573  0.00576106445737322  
-0.005301236944828729  0.0  -0.001931631395227071  -0.0010675941735685298  -0.0015545116279744335  -0.0017256904562159307  -0.0030419538621169794  -0.0011026804109637795  -0.00020331481025803069  -0.0053918781692869665  -0.0032093737100068595  -0.0061170132615677945  -0.001401695842019668  0.001224385003515744  -0.00030557106539167014  0.00015211148763572848  -0.008234758719075044  -0.0019882979598741853  -0.0014381771147351746  -0.0002690151680436683  -4.726568348288956e-06  -0.0006307748139556753  -0.0001549880729672839  -0.003294804741100823  -0.0023041340866245224  -0.0005721859752046852  
-0.0050098791963303175  0.001943504374627795  0.0  0.001873476550738532  0.0012533134834042032  0.0015668023683258986  -0.0009966653585485586  0.001249377013907969  0.001811586425002112  -0.002518264053519198  -0.002664986227011165  -0.003298493584722701  0.00427579424007623  0.0024865068984768124  0.001694940551860224  0.0027585329996885058  -0.009841566940398993  -0.0005451528057815554  0.0017215240663954155  0.00423446089677464  0.003091688733460713  0.0020718991446648624  0.002333615697641834  -0.003096275687480133  -0.0002907794390008684  0.003104326282878998  
-0.005444838255679218  0.001074266637153333  -0.0018684734421475823  0.0  -0.0014610740510605361  -0.0016521179207500038  -0.0029602407058907836  -0.0010111074785977491  -8.196238014734259e-05  -0.005848529797771002  -0.0032170383665629685  -0.00664910849296774  -0.001287932709210044  0.00235418751563142  -0.0001873337763728711  0.00030952631173669816  -0.008581100848602889  -0.0019326116013080401  -0.0013477638300110105  -0.00011731178054486103  0.00010276433834372495  -0.0005357367390627243  7.935679318301289e-05  -0.003306546829341493  -0.002193896356132527  -0.00046394079016002767  
-0.004808357417015726  0.0015459112870174518  -0.0012688064134076546  0.0014464686539878843  0.0  -0.0006636271463497936  -0.0037741554612652885  0.0003280435807796402  0.0010300970273771771  -0.003241785613050388  -0.00886946446740198  -0.003879899455411191  0.0005888163629638162  0.001992924719589263  0.0009246561774717302  0.0016887738341910174  -0.008649913739542069  -0.0035551222554317677  -0.00016682476848998285  0.0015567989744225462  0.0015277697724444558  0.0006314313451009203  0.002811418286649719  -0.009231885229624238  -0.00250970565765147  0.0009063401594901395  
-0.005370657758775489  0.0017397657932494075  -0.0015653609678030597  0.0016601148832160934  0.0006571369053096978  0.0  -0.001123009439057388  0.0007346443661494284  0.0016659286798880579  -0.002810260637882044  -0.002532376470758338  -0.0035381943297688873  0.002883532390383926  0.002276542936350617  0.0015281203768153656  0.002565458707835176  -0.010188114266672297  -0.0008060695444153686  0.0007945442349241151  0.004748925927150081  0.003034849121454008  0.0020422598579387325  0.0019107308107405505  -0.0028922815483515625  -0.000496561181772646  0.003592649904218998  
-0.0026072550387860167  0.003101062185828422  0.0010024178795823976  0.002969426480273198  0.0038081098010552183  0.0011269132957400904  0.0  0.002289875249062369  0.0018378062026591488  -0.0009446916529135844  -0.002882986797918641  -0.0017264192669974815  0.0023374777738120406  0.0031050181596262148  0.0017529324294763549  0.002553564573775927  -0.005673305352615014  0.0008892784189108984  0.002236711173039289  0.002530797470024172  0.00214420526180599  0.0015393027156754527  0.012292284750133626  -0.002800844796510799  0.005475621314835414  0.0018711426353901005  
-0.00361884485932687  0.0011005389059283626  -0.0012323344532263426  0.0009953478050182929  -0.0003258950705987325  -0.000726328265106306  -0.0022859332296971124  0.0  0.0007730573353667227  -0.002291591613475633  -0.008371833592189315  -0.0028031457643363546  0.00025025652768942555  0.001471763801246243  0.0006840666200577934  0.0012463241504481084  -0.006328890643516046  -0.006290963376719655  -0.000489242615939122  0.001190103534546321  0.0015287448295659772  0.000513006206152767  0.0016715065980629368  -0.011572034418149272  -0.0015920537796668488  0.0007150552933869984  
-0.010114627509978512  0.00020223882037125006  -0.001822419499336733  8.127925215084861e-05  -0.001038842485303016  -0.0016643572343699462  -0.0018443078755459147  -0.0007775786333701811  0.0  -0.003588163225543108  -0.0024842015404026698  -0.004001488262899241  -0.001142528089685711  0.0006174475348428222  -0.0009626781591426855  0.0010204676881394822  -0.014673771391913176  -0.0015291644414122017  -0.0010444521556359186  -1.9285845395140257e-05  0.00021653516288315067  -0.0006038912350834051  0.00012176207998043452  -0.0025669869927704312  -0.0014615954883644348  -0.0005040176297721925  
-0.004151235953242343  0.0053831518784177735  0.002507916515237004  0.005850940568503801  0.0032577644459222846  0.002787288480079193  0.0009429159167238972  0.0022952046865753186  0.003638164172946164  0.0  -0.0005616929376945598  -0.00827419165952347  0.006332343206059735  0.007007606668841315  0.0035335039616416993  0.005304363041518161  -0.011387748127411827  0.0014820809627482463  0.002891510138509613  0.005531506985146154  0.002984748620075481  0.0025115542507812188  0.004586759416641252  -0.000760463116879553  0.0015597453147969981  0.0031735514251867197  
-0.0012756295528344444  0.0032051212746538314  0.0026861954599596964  0.0031897322769928525  0.008911976061799115  0.002549616269138519  0.002867237552892075  0.008434531597018484  0.0024631175509045567  0.0005624164580093231  0.0  -0.00022432847362509448  0.0036334306395003385  0.0034651525755960387  0.0023899101704663596  0.003207929660461632  -0.003999010354687477  0.004830253623495452  0.005407803220860288  0.003427084148793614  0.0032705892271931098  0.002632761306181569  0.00652314334732819  -0.002315309570987901  0.005079350205320267  0.0029775018819087327  
-0.0022141644107520624  0.006097091552282606  0.0033060879674964294  0.006638729396783595  0.003966721408853081  0.0035329124572855597  0.0017442396723183814  0.002817846980078087  0.004068483511422483  0.009438399531215216  0.00022704670146795515  0.0  0.006866824949620238  0.007710865909117544  0.00397824317028013  0.005688918078467536  -0.008153884917589211  0.0021507026519733325  0.003527134784501831  0.005962830253817083  0.0033509646226742252  0.002966619438553587  0.0050462225592526515  2.177790119283098e-05  0.0022664617229082268  0.00365449531009301  
-0.008542760416755326  0.0014027669153697424  -0.004149821831870018  0.00128304564766353  -0.0005952483192623285  -0.0028805779514593523  -0.002312872744614019  -0.00024867099831879047  0.0011414684870218895  -0.006263171631812806  -0.0036426981176179863  -0.006746089565890651  0.0  0.002057760715614547  0.0009927850794338353  0.0021264924503682637  -0.0155307086828383  -0.001953906120859913  -0.0007554943684172131  0.0028905954009626578  0.0015033452187869193  0.0004379590915717245  0.0014744113498112426  -0.004010526368517282  -0.0015293698334736666  0.0009024456501651608  
-0.005900560591919268  -0.0012284069157750637  -0.002475540470908186  -0.002359100602620564  -0.0020036313098954262  -0.0022619466941527127  -0.0030930670622975193  -0.0014706633713873732  -0.0006199145619118761  -0.0070090031627968435  -0.003465459688294399  -0.007726927171189177  -0.0020603697693936957  0.0  -0.0007254753018927734  -0.0003306920042122393  -0.008849909598943587  -0.002334795849600735  -0.0018544558767455489  -0.000800609202686424  -0.00035597337661451213  -0.0010187314530774778  -0.0006964461443987497  -0.0035411421417010864  -0.0025182429834287863  -0.0010018339623908141  
-0.010108062128620001  0.0003037899013217387  -0.0017048256085493492  0.0001856621530768702  -0.000932061278082513  -0.0015319174682630289  -0.0017583017451796772  -0.0006879982857197185  0.001021846085867402  -0.0034813541225588345  -0.0024094149582234064  -0.003908843842248216  -0.0009934505487009077  0.0007222108087705561  0.0  0.0013612993427720972  -0.014795096911257794  -0.001438295218864322  -0.0009402980092131219  0.0001829513566274867  0.00031519691291818756  -0.00046200481084776487  0.00022154503588440438  -0.002494108250828377  -0.0013730627340676712  -0.00034913999407502726  
-0.01827932054221171  -0.00015125905626203607  -0.0027494251730283705  -0.0003067021936803035  -0.0016765526919930197  -0.0025665390526026528  -0.0025243809786470593  -0.0012419372298199912  -0.0010199683156471213  -0.005216745548265465  -0.003194654672661953  -0.005577236935311647  -0.0021021311720890988  0.0003283623350151357  -0.0013626736984942295  0.0  -0.02380058023000079  -0.0021503291374911945  -0.0016654690649851986  -0.0008768298357558045  -0.00015664077159889325  -0.0010668882831350102  -0.0002375497043880098  -0.0032763660148962003  -0.002064672771216075  -0.0010555144322113158  
0.05002268137835769  0.008211428204479421  0.009902068376508002  0.008517122254683861  0.008686601791292166  0.01026125970243302  0.005652807661658155  0.006366810453527714  0.014660355372354855  0.01117295032275727  0.003970926736746822  0.007959744800503753  0.015666252593077034  0.008807627781675573  0.014802059309804268  0.023942399320049868  0.0  0.006240738050749722  0.008288759202323257  0.02084776121217825  0.007281671121200482  0.007595505742734506  0.007968999683209087  0.003698795215200099  0.006047753480277224  0.009459516699502136  
-0.003132889769182515  0.001990839290468853  0.0005374812963140263  0.001928426733951114  0.0036191106920038588  0.0007971727259741049  -0.0008936628569891301  0.006316494883930367  0.001521316650128457  -0.0014845794900417684  -0.004816584706272968  -0.0021446816479084576  0.0019837079113177118  0.0023466203221355455  0.0014310832798287924  0.0021537345691287394  -0.006217330058061042  0.0  0.004493691251489519  0.0024990571723366678  0.002613458557175589  0.001655344306420298  0.003112501212976794  -0.006696354626500064  2.601257834875722e-05  0.002018344635020586  
-0.004531555907292733  0.0014293484340807813  -0.001722168349354396  0.0013340472578736693  0.00016846708486371843  -0.0007947619779317676  -0.0022584681436376834  0.0005053950173404534  0.0010412425144338548  -0.0028837884628682307  -0.005374591078248863  -0.003501116792185108  0.0007633310075064861  0.0018448986848486689  0.0009379044495011452  0.0016642078919589225  -0.008163462518407218  -0.0046509704452916524  0.0  0.0018211234086571645  0.00189689866711234  0.0008359285818005371  0.0020489872842320935  -0.00664576967582146  -0.0014243900229433018  0.0011764933311123108  
-0.012780710191044892  0.00026931730574376124  -0.00423446089677464  0.00011702231138858852  -0.0015626694274080409  -0.004752149909449572  -0.002526101023779636  -0.001199690483720633  1.9314851512880275e-05  -0.005500299611464088  -0.0034300956462881603  -0.005899804996745209  -0.0028454298478226164  0.0008002023477201234  -0.0001829513566274867  0.0008809768820692702  -0.020902211780149987  -0.002517274738664932  -0.0018280216033869266  0.0  0.000406879195052138  -0.0012071078686073401  0.00017446590210819593  -0.003699328928411807  -0.001990456962669404  -0.0012334442267995765  
-0.004768251853857382  4.721490146183636e-06  -0.0030688373468871753  -0.00010240799038045497  -0.0015332122986390982  -0.0030259801559849187  -0.0021279016559873284  -0.0015201216214531586  -0.00021626776478132797  -0.0029684320338410957  -0.0032429707786763655  -0.003323981199682654  -0.0015004597193266757  0.0003552107637704561  -0.0003144432396849075  0.00015561846054422317  -0.007281671121200482  -0.0026131201139539912  -0.0019061582840368772  -0.0004061068840207198  0.0  -0.0053877518629952634  -7.151748415639924e-05  -0.0035674842527991086  -0.0017813844886013601  -0.0024133241781722626  
-0.004607183116329336  0.0006305868469990242  -0.002092534715717892  0.0005341647051723001  -0.0006411683322807842  -0.0020402206568823785  -0.0015397484166837557  -0.000513006206152767  0.0006037071780169365  -0.0024989847870028675  -0.00265894285376738  -0.002942785996098591  -0.0004378087193514424  0.0010172186353568401  0.00046123600879369165  0.0010600650303282126  -0.007606425957499907  -0.0016777090470531599  -0.000852552545512981  0.0012068578462650435  0.005660227513517613  0.0  0.0006391178411981104  -0.0029624931692355462  -0.0011354604024768071  0.001133795140610893  
-0.00510696055798855  0.00016013425938748042  -0.002341488895002299  -7.889698135139847e-05  -0.002820353554757119  -0.0019135345243293112  -0.01274705915873487  -0.0016739442626364572  -0.00012148234455150063  -0.004609401063443143  -0.006545220479899279  -0.005012576199240241  -0.0014709502903046436  0.0006960567202518034  -0.00022113732778508116  0.00024025700864115543  -0.008002013694325098  -0.003095493009627194  -0.0020394815041580687  -0.0001739506019753869  7.198275701930731e-05  -0.0006384083166946455  0.0  -0.006071631620619274  -0.007508689751197411  -0.0005561401261617954  
-0.0010715547373519238  0.0032889889393467437  0.003116065616088936  0.0032774184884440997  0.009337728499772796  0.0029079688029916223  0.0027987040234179242  0.011613049223681953  0.002544342365580473  0.0007608864783920817  0.002318801742286525  -2.1509831117883964e-05  0.004000001779064064  0.0035392916929247228  0.002473060923817167  0.003287996707174852  -0.003721695245107279  0.0066845392676531295  0.006525665404571674  0.0036968245874922008  0.003572173090660436  0.0029232723071020116  0.006063074000294229  0.0  0.004580512799314925  0.0032760117923844893  
-0.003054167380068149  0.0023476539329616067  0.00029012209810856866  0.0021769137058367865  0.0025506454692140698  0.0004967727244516177  -0.004944498693073087  0.001616552077709783  0.0014440999614888747  -0.0015403772104479  -0.005177030016961041  -0.0022109446115176944  0.0015222232454667802  0.0025107667548782803  0.0013571392099813993  0.002066239587965243  -0.006039118318246714  -2.607861535818171e-05  0.0014193345126577888  0.0019740644357882143  0.0017769673113359654  0.0011227895600826455  0.007577031604888563  -0.004630527497760584  0.0  0.0013936473046430703  
-0.005792791292383995  0.000572233196567487  -0.003073375037266893  0.00046262595723388643  -0.0008989204190419754  -0.0035939805152946347  -0.0018552585722713389  -0.0007133866067003512  0.0005039600540776788  -0.003156999825659257  -0.002963413789817835  -0.003622596489549504  -0.0009030447510614865  0.0010005983506957096  0.00034856619108268307  0.001047908746879065  -0.009479033239272574  -0.002030007098112669  -0.0011894512122067296  0.0012352174358662808  0.002424406203716678  -0.0011354773292468142  0.0005525221141886239  -0.003299552633488306  -0.0013891015274498954  0.0  
