Height_Data

node	height
0	56.12440548753962
1	91.01531185287978
2	26.878850643459348
3	153.13262916847236
4	13.407543739489661
5	96.1714140451431
6	95.81275701917718
7	89.18090241845478
8	49.79603016665269
9	10.503656984702145
10	80.97146125542784
11	122.07048643735604
12	123.1155622261779
13	22.486876411023875
14	51.70834653926693
15	112.54902259125377
16	129.02044501621918
17	137.7800722452189
18	94.56935068540851
19	107.62850961647247
20	77.66184349067844
21	71.07697083282005
22	8.635587297775649
23	105.28145743409338
24	13.16539699204697
25	162.12468420071087



height_matrix
0.0  -209.3454381920409  175.47332906448165  -582.0493420855964  256.30117048829976  -240.28205134562086  -238.13010918982536  -198.33898158549096  37.97025192532158  273.7244910170249  -149.0823346073293  -395.67648569889843  -401.9469404318297  201.82517445909448  26.49635368963618  -338.5477026222849  -437.37623717207737  -489.9340005460756  -230.66967118721334  -309.0246247735971  -129.22462801883285  -89.71539207168257  284.93290913858385  -294.94231167932253  257.75405097295595  -636.0016722790275  
209.3454381920409  0.0  384.8187672565225  -372.70390389355555  465.64660868034065  -30.93661315357997  -28.784670997784474  11.006456606549932  247.31569011736246  483.0699292090658  60.26310358471159  -186.33104750685754  -192.60150223978883  411.17061265113534  235.84179188167707  -129.20226443024399  -228.03079898003648  -280.5885623540347  -21.32423299517245  -99.67918658155622  80.12081017320804  119.63004612035832  494.27834733062474  -85.59687348728164  467.09948916499684  -426.6562340869866  
-175.47332906448165  -384.8187672565225  0.0  -757.522671150078  80.82784142381813  -415.7553804101025  -413.603438254307  -373.8123106499726  -137.50307713916007  98.25116195254323  -324.555663671811  -571.14981476338  -577.4202694963113  26.351845394612837  -148.97697537484547  -514.0210316867665  -612.849566236559  -665.4073296105572  -406.14300025169496  -484.49795383807873  -304.69795708331446  -265.1887211361642  109.4595800741022  -470.41564074380415  82.28072190847428  -811.4750013435091  
582.0493420855964  372.70390389355555  757.522671150078  0.0  838.3505125738963  341.7672907399756  343.9192328957711  383.7103605001055  620.019594010918  855.7738331026213  432.96700747826713  186.372856386698  180.10240165376672  783.8745165446909  608.5456957752326  243.50163946331156  144.67310491351907  92.11534153952084  351.3796708983831  273.0247173119993  452.8247140667636  492.33395001391386  866.9822512241803  287.1070304062739  839.8033930585524  -53.95233019343107  
-256.30117048829976  -465.64660868034065  -80.82784142381813  -838.3505125738963  0.0  -496.5832218339206  -494.4312796781251  -454.6401520737907  -218.33091856297818  17.4233205287251  -405.38350509562906  -651.9776561871982  -658.2481109201295  -54.47599602920529  -229.80481679866358  -594.8488731105847  -693.6774076603772  -746.2351710343754  -486.9708416755131  -565.3257952618969  -385.5257985071326  -346.01656255998233  28.631738650284078  -551.2434821676223  1.4528804846561485  -892.3028427673273  
240.28205134562086  30.93661315357997  415.7553804101025  -341.7672907399756  496.5832218339206  0.0  2.1519421557954956  41.9430697601299  278.25230327094243  514.0065423626457  91.19971673829156  -155.39443435327757  -161.66488908620886  442.1072258047153  266.77840503525704  -98.26565127666402  -197.0941858264565  -249.65194920045474  9.612380158407518  -68.74257342797625  111.05742332678801  150.56665927393828  525.2149604842048  -54.66026033370167  498.0361023185768  -395.71962093340665  
238.13010918982536  28.784670997784474  413.603438254307  -343.9192328957711  494.4312796781251  -2.1519421557954956  0.0  39.791127604334406  276.10036111514694  511.85460020685025  89.04777458249606  -157.54637650907307  -163.81683124200435  439.9552836489198  264.62646287946154  -100.41759343245951  -199.246127982252  -251.80389135625023  7.4604380026120225  -70.89451558377175  108.90548117099252  148.4147171181428  523.0630183284093  -56.81220248949717  495.8841601627813  -397.87156308920214  
198.33898158549096  -11.006456606549932  373.8123106499726  -383.7103605001055  454.6401520737907  -41.9430697601299  -39.791127604334406  0.0  236.30923351081253  472.06347260251584  49.256646978161655  -197.33750411340748  -203.60795884633876  400.1641560445854  224.83533527512714  -140.20872103679392  -239.0372555865864  -291.59501896058464  -32.33068960172238  -110.68564318810616  69.11435356665811  108.62358951380838  483.2718907240748  -96.60333009383157  456.0930325584469  -437.66269069353655  
-37.97025192532158  -247.31569011736246  137.50307713916007  -620.019594010918  218.33091856297818  -278.25230327094243  -276.10036111514694  -236.30923351081253  0.0  235.7542390917033  -187.05258653265088  -433.64673762422  -439.9171923571513  163.8549225337729  -11.473898235685397  -376.51795454760645  -475.34648909739894  -527.9042524713972  -268.6399231125349  -346.9948766989187  -167.19487994415442  -127.68564399700415  246.96265721326228  -332.9125636046441  219.78379904763435  -673.9719242043491  
-273.7244910170249  -483.0699292090658  -98.25116195254323  -855.7738331026213  -17.4233205287251  -514.0065423626457  -511.85460020685025  -472.06347260251584  -235.7542390917033  0.0  -422.8068256243542  -669.4009767159233  -675.6714314488546  -71.89931655793039  -247.2281373273887  -612.2721936393098  -711.1007281891023  -763.6584915631005  -504.3941622042382  -582.749115790622  -402.94911903585773  -363.43988308870746  11.208418121558978  -568.6668026963474  -15.970440044068951  -909.7261632960524  
149.0823346073293  -60.26310358471159  324.555663671811  -432.96700747826713  405.38350509562906  -91.19971673829156  -89.04777458249606  -49.256646978161655  187.05258653265088  422.8068256243542  0.0  -246.59415109156913  -252.86460582450042  350.9075090664238  175.57868829696548  -189.46536801495557  -288.29390256474807  -340.8516659387463  -81.58733657988404  -159.9422901662678  19.857706588496455  59.36694253564673  434.01524374591315  -145.85997707199323  406.8363855802852  -486.9193376716982  
395.67648569889843  186.33104750685754  571.14981476338  -186.372856386698  651.9776561871982  155.39443435327757  157.54637650907307  197.33750411340748  433.64673762422  669.4009767159233  246.59415109156913  0.0  -6.2704547329312845  597.5016601579929  422.1728393885346  57.12878307661356  -41.699751473178935  -94.25751484717716  165.0068145116851  86.65186092530132  266.4518576800656  305.96109362721586  680.6093948374823  100.7341740195759  653.4305366718544  -240.32518658012907  
401.9469404318297  192.60150223978883  577.4202694963113  -180.10240165376672  658.2481109201295  161.66488908620886  163.81683124200435  203.60795884633876  439.9171923571513  675.6714314488546  252.86460582450042  6.2704547329312845  0.0  603.7721148909242  428.4432941214659  63.39923780954484  -35.42929674024765  -87.98706011424588  171.27726924461638  92.9223156582326  272.72231241299687  312.23154836014714  686.8798495704136  107.00462875250719  659.7009914047857  -234.0547318471978  
-201.82517445909448  -411.17061265113534  -26.351845394612837  -783.8745165446909  54.47599602920529  -442.1072258047153  -439.9552836489198  -400.1641560445854  -163.8549225337729  71.89931655793039  -350.9075090664238  -597.5016601579929  -603.7721148909242  0.0  -175.3288207694583  -540.3728770813793  -639.2014116311718  -691.75917500517  -432.4948456463078  -510.84979923269157  -331.0498024779273  -291.540566530777  83.10773467948937  -496.767486138417  55.92887651386144  -837.826846738122  
-26.49635368963618  -235.84179188167707  148.97697537484547  -608.5456957752326  229.80481679866358  -266.77840503525704  -264.62646287946154  -224.83533527512714  11.473898235685397  247.2281373273887  -175.57868829696548  -422.1728393885346  -428.4432941214659  175.3288207694583  0.0  -365.04405631192105  -463.87259086171355  -516.4303542357118  -257.1660248768495  -335.5209784632333  -155.72098170846903  -116.21174576131875  258.4365554489477  -321.4386653689587  231.25769728331974  -662.4980259686637  
338.5477026222849  129.20226443024399  514.0210316867665  -243.50163946331156  594.8488731105847  98.26565127666402  100.41759343245951  140.20872103679392  376.51795454760645  612.2721936393098  189.46536801495557  -57.12878307661356  -63.39923780954484  540.3728770813793  365.04405631192105  0.0  -98.8285345497925  -151.38629792379072  107.87803143507153  29.523077848687763  209.32307460345203  248.8323105506023  623.4806117608687  43.605390942962345  596.3017535952408  -297.45396965674263  
437.37623717207737  228.03079898003648  612.849566236559  -144.67310491351907  693.6774076603772  197.0941858264565  199.246127982252  239.0372555865864  475.34648909739894  711.1007281891023  288.29390256474807  41.699751473178935  35.42929674024765  639.2014116311718  463.87259086171355  98.8285345497925  0.0  -52.55776337399823  206.70656598486403  128.35161239848026  308.1516091532445  347.6608451003948  722.3091463106612  142.43392549275484  695.1302881450333  -198.62543510695014  
489.9340005460756  280.5885623540347  665.4073296105572  -92.11534153952084  746.2351710343754  249.65194920045474  251.80389135625023  291.59501896058464  527.9042524713972  763.6584915631005  340.8516659387463  94.25751484717716  87.98706011424588  691.75917500517  516.4303542357118  151.38629792379072  52.55776337399823  0.0  259.26432935886226  180.90937577247848  360.70937252724275  400.218608474393  774.8669096846595  194.99168886675307  747.6880515190315  -146.0676717329519  
230.66967118721334  21.32423299517245  406.14300025169496  -351.3796708983831  486.9708416755131  -9.612380158407518  -7.4604380026120225  32.33068960172238  268.6399231125349  504.3941622042382  81.58733657988404  -165.0068145116851  -171.27726924461638  432.4948456463078  257.1660248768495  -107.87803143507153  -206.70656598486403  -259.26432935886226  0.0  -78.35495358638377  101.4450431683805  140.95427911553077  515.6025803257971  -64.27264049210919  488.4237221601693  -405.33200109181416  
309.0246247735971  99.67918658155622  484.49795383807873  -273.0247173119993  565.3257952618969  68.74257342797625  70.89451558377175  110.68564318810616  346.9948766989187  582.749115790622  159.9422901662678  -86.65186092530132  -92.9223156582326  510.84979923269157  335.5209784632333  -29.523077848687763  -128.35161239848026  -180.90937577247848  78.35495358638377  0.0  179.79999675476427  219.30923270191454  593.9575339121809  14.082313094274582  566.7786757465531  -326.9770475054304  
129.22462801883285  -80.12081017320804  304.69795708331446  -452.8247140667636  385.5257985071326  -111.05742332678801  -108.90548117099252  -69.11435356665811  167.19487994415442  402.94911903585773  -19.857706588496455  -266.4518576800656  -272.72231241299687  331.0498024779273  155.72098170846903  -209.32307460345203  -308.1516091532445  -360.70937252724275  -101.4450431683805  -179.79999675476427  0.0  39.50923594715027  414.1575371574167  -165.71768366048968  386.9786789917888  -506.77704426019466  
89.71539207168257  -119.63004612035832  265.1887211361642  -492.33395001391386  346.01656255998233  -150.56665927393828  -148.4147171181428  -108.62358951380838  127.68564399700415  363.43988308870746  -59.36694253564673  -305.96109362721586  -312.23154836014714  291.540566530777  116.21174576131875  -248.8323105506023  -347.6608451003948  -400.218608474393  -140.95427911553077  -219.30923270191454  -39.50923594715027  0.0  374.6483012102664  -205.22691960763996  347.4694430446385  -546.2862802073449  
-284.93290913858385  -494.27834733062474  -109.4595800741022  -866.9822512241803  -28.631738650284078  -525.2149604842048  -523.0630183284093  -483.2718907240748  -246.96265721326228  -11.208418121558978  -434.01524374591315  -680.6093948374823  -686.8798495704136  -83.10773467948937  -258.4365554489477  -623.4806117608687  -722.3091463106612  -774.8669096846595  -515.6025803257971  -593.9575339121809  -414.1575371574167  -374.6483012102664  0.0  -579.8752208179064  -27.17885816562793  -920.9345814176113  
294.94231167932253  85.59687348728164  470.41564074380415  -287.1070304062739  551.2434821676223  54.66026033370167  56.81220248949717  96.60333009383157  332.9125636046441  568.6668026963474  145.85997707199323  -100.7341740195759  -107.00462875250719  496.767486138417  321.4386653689587  -43.605390942962345  -142.43392549275484  -194.99168886675307  64.27264049210919  -14.082313094274582  165.71768366048968  205.22691960763996  579.8752208179064  0.0  552.6963626522785  -341.059360599705  
-257.75405097295595  -467.09948916499684  -82.28072190847428  -839.8033930585524  -1.4528804846561485  -498.0361023185768  -495.8841601627813  -456.0930325584469  -219.78379904763435  15.970440044068951  -406.8363855802852  -653.4305366718544  -659.7009914047857  -55.92887651386144  -231.25769728331974  -596.3017535952408  -695.1302881450333  -747.6880515190315  -488.4237221601693  -566.7786757465531  -386.9786789917888  -347.4694430446385  27.17885816562793  -552.6963626522785  0.0  -893.7557232519835  
636.0016722790275  426.6562340869866  811.4750013435091  53.95233019343107  892.3028427673273  395.71962093340665  397.87156308920214  437.66269069353655  673.9719242043491  909.7261632960524  486.9193376716982  240.32518658012907  234.0547318471978  837.826846738122  662.4980259686637  297.45396965674263  198.62543510695014  146.0676717329519  405.33200109181416  326.9770475054304  506.77704426019466  546.2862802073449  920.9345814176113  341.059360599705  893.7557232519835  0.0  



slope_matrix
0.0  -0.0026057435672397424  0.01041384742222443  -0.00754732030712651  0.0029837156052188564  -0.00583775634950488  -0.0027916777161761473  -0.0033927297568506834  0.004305017225093149  0.003028595828911539  -0.0016566544572433526  -0.006330823771182375  -0.006228838376442425  0.0031353918666940264  0.0009507123677659196  -0.0069502710454174685  -0.009458828658565687  -0.008216233448701586  -0.0032594273164789226  -0.004101733803737684  -0.0025087289462013755  -0.0010380121725290128  0.003345068198386756  -0.0060143212006387135  0.008077532152082605  -0.008833356559430938  
0.002634270016258222  0.0  0.00446166686674229  -0.015968462034856707  0.0028215876427336887  -0.0005407553426600239  -0.0022296414405719965  0.000434351089445538  0.0030175169609243835  0.0028440973165090714  0.005811292534687713  -0.008007350558953913  -0.005634918146278199  0.0052159154211738595  0.0037613720974414614  -0.0023689450757287127  -0.004648945952702069  -0.009834860229724315  -0.0005662302972695818  -0.008939837361574549  0.0024419631262788187  0.005064777566484264  0.003136283929762847  -0.0021763761374849135  0.004193746535868171  -0.01750743677008562  
-0.01042003141713074  -0.004441583186247952  0.0  -0.00919993528236675  0.000976771497568799  -0.009239008453557834  -0.004515321378322129  -0.005744771947901838  -0.00541777293692514  0.001038486015775745  -0.00337060612391537  -0.00830159614481657  -0.008278426802814499  0.000405039123802841  -0.004698107075838709  -0.009781561021632093  -0.01222033033372999  -0.010175979960400018  -0.005344690094113633  -0.005934565823592341  -0.005242566364131357  -0.0028765142056834635  0.0014532604895658816  -0.008669657956944419  0.002041198757342453  -0.010508611776010219  
0.007655522058208555  0.01705738690588355  0.009232339290807889  0.0  0.00529629485484804  0.007395959548582029  0.018206417834609374  0.014578661113225892  0.007896326974158405  0.005141017860763074  0.01612540065095967  0.0109373742010973  0.01092854378967031  0.012499992290618576  0.011192674191194274  0.005592596221022314  0.0038021840975957706  0.0049101994424051625  0.018710312614397397  0.022125179684927013  0.0141463515797177  0.03674133955327715  0.005651737936676947  0.010073930891448207  0.007780279720757387  -0.00912898988044519  
-0.0029851056427707867  -0.002814084780808247  -0.0009766534729799194  -0.005278620529995569  0.0  -0.004085759600410734  -0.002901081263146894  -0.003236564049788501  -0.00244054234923964  0.0008790777259699849  -0.0023148898189563104  -0.0045213429693980465  -0.0044940814564083395  -0.0004170890133160194  -0.0021229082383248366  -0.004659268999064657  -0.005475391961957354  -0.005280090363223487  -0.003147636491988321  -0.0035998840757889513  -0.002887401127225379  -0.0020245423791328955  0.001097001480853796  -0.004216333808839088  2.274390238973307e-05  -0.005805483687490744  
0.005853399545569326  0.0005446586822813375  0.009274043729870677  -0.007402367137534667  0.004087777591652294  0.0  3.7224392938859986e-05  0.0010669821867242406  0.006224883742079249  0.003924612830133968  0.001386646141679969  -0.00421694530131011  -0.004869424370066532  0.014279949153899074  0.019938595294114875  -0.010566199062006884  -0.02087862137992124  -0.008608687903463957  0.00025409410939485907  -0.0014135836608672888  0.003064498436169647  0.0026443038158401526  0.004816718272965928  -0.0027732247759361577  0.006826152718182248  0.0  
0.0028221155391067237  0.002212503535571443  0.004537115382342112  -0.016908516858199166  0.0029094461555732912  -3.7044967391900425e-05  0.0  0.0013154091770027903  0.00317831657781912  0.0029280624690054932  0.009626786441350926  -0.005777278199819328  -0.004920902110003135  0.0055194490484119915  0.004029517341933572  -0.0018119378100407708  -0.003990509272626718  -0.008495407940494273  0.00020620337210094036  -0.005010213115460901  0.0028872078783402045  0.010739125695958234  0.0032186512727118903  -0.0014045043878738485  0.004264202942323341  -0.0170687071252339  
0.003421407306977591  -0.0004413174260846003  0.005773163098841275  -0.014174745493169763  0.0032421033450316674  -0.0010454404227350424  -0.0013308069432887762  0.0  0.003908521890684958  0.0031820928385744244  0.001424014078582297  -0.015203197543405815  -0.007202262428239787  0.006419059288491906  0.0049610621199277834  -0.0036848546921627837  -0.007341439053642089  -0.01732590724661822  -0.0009179639296343664  -0.0055509349642982025  0.006995379915653655  0.003211815183731768  0.00355085885910415  -0.00436132415773506  0.005074466316849654  -0.01679442404810194  
-0.004334503644443102  -0.0029797071098477406  0.0054284673169822375  -0.007771616871533191  0.002442726768437885  -0.006230459096975872  -0.003138930890349556  -0.003866315993305179  0.0  0.002547592814909264  -0.0020189162065045968  -0.006655106470598833  -0.006547361100716644  0.0024067996846911413  -0.00036576022428069484  -0.007239337714816506  -0.009691059920436267  -0.008474943850881315  -0.0036584491776186154  -0.004448652265370752  -0.003086484769137058  -0.0014332208328320143  0.0027855025627482773  -0.006439314576492149  0.006508255820184612  -0.009027215700567226  
-0.0030135912255535055  -0.0028221646854534425  -0.0010325923484239962  -0.005090861588950751  -0.0008659702052050248  -0.003906418470608343  -0.002904963678812998  -0.003162056886613409  -0.0025303664172126577  0.0  -0.0023320839802777396  -0.0043657534514832275  -0.004344874486842355  -0.0004946973755189926  -0.002090017223158244  -0.004385589811899647  -0.00518521750174349  -0.00507549176899575  -0.003112007417350927  -0.0035069453920119277  -0.0028308916610640562  -0.002048587357469745  0.00024281668374261217  -0.004065681008767766  -0.00026679652596172656  -0.0055818269928583405  
0.0016724515885946747  -0.005879327178996252  0.0033836078364450684  -0.015501862065100864  0.002320455094995015  -0.001388969185779646  -0.00961639034368208  -0.001406930790578739  0.0020413902273562247  0.0023360783779454897  0.0  -0.007486161235323896  -0.006188561082342154  0.004020480168038769  0.0024260917811964114  -0.0030078642326552716  -0.005013807001126054  -0.009160216768039405  -0.0018640012926635604  -0.00843132789490078  0.00046746013626404085  0.0026315134102680286  0.0025946986533503507  -0.0030374839040398422  0.00332192688479044  -0.015757907368016123  
0.0064568617117966454  0.00802113850653713  0.00839185740175404  -0.010003910702452925  0.0045421322013877545  0.004212372847744038  0.005781518404002681  0.015063931611710494  0.0068001683804958446  0.004413826827877643  0.007499822113490546  0.0  -0.0003447198863623576  0.010211957958605244  0.009815462076876488  0.0016694559636649198  -0.0014514358326898342  -0.011494818883802093  0.0065635168859063285  0.004795343714737207  0.015729153345930672  0.011580662135776527  0.004882070115755558  0.005232944104913034  0.007011809600513514  -0.015615671642633468  
0.006208633618038766  0.00564813789559498  0.00831298977103817  -0.010882320341617324  0.004505154410513514  0.004856259810339708  0.004943175354315159  0.007331939461517421  0.006543465601028578  0.00435439473769965  0.006152423499379572  0.00034004635211124103  0.0  0.012859895950818406  0.010336388277960577  0.0023163769751386497  -0.001409840697980408  -0.0063118407542500626  0.021818760413326928  0.0038572982838618766  0.009081662085014881  0.011219243563066732  0.0048849999969448376  0.006729850864937559  0.006825669854162293  -0.01952082834422  
-0.0031319859475340546  -0.005250550538259933  -0.00040447959162874655  -0.012494015246169762  0.0004170570818343691  -0.014289179890262292  -0.005546587035412504  -0.006494062902378861  -0.0024025648465362598  0.0004961310830660391  -0.004020480168038769  -0.0102382052802946  -0.012857157472123598  0.0  -0.004351670905173946  -0.021640884144228247  -0.020215098407057933  -0.013695489507130669  -0.00954313428169258  -0.007283287699354029  -0.005504652518755026  -0.003938672879367428  0.0007419670982902363  -0.01205161295823428  0.0005749858796531452  -0.014375889614586856  
-0.0009551677609818378  -0.003754246925846499  0.004726426883719717  -0.011196792930547058  0.002124478291565717  -0.019953508230011744  -0.004040653874264579  -0.00499745132863141  0.0003655271817676138  0.0021012080343990203  -0.0024227775396297156  -0.00968064295777424  -0.010353873710040259  0.004343047331420815  0.0  -0.017449524680302152  -0.02322847225146287  -0.01389000414835158  -0.005400378514843543  -0.005958355888960119  -0.004093611506531783  -0.0017983588270271082  0.002577406556786154  -0.012011908272382613  0.0038769102645988224  -0.013457201421260688  
0.006971740169322176  0.0023921915280548786  0.009820806872120108  -0.005613223592976293  0.00466109444531096  0.01060039388097778  0.0018251107494085697  0.003756932503665432  0.007211606101275741  0.004405152842933375  0.003008341823038355  -0.0016772983874519542  -0.002312996636612362  0.021684304858803342  0.01747458383494117  0.0  -0.0135011659221028  -0.005775898432803919  0.0035219729492351136  0.0006440462008876039  0.005840487572640961  0.004595241192070218  0.005481148235260384  0.002577150764950493  0.00741023677886468  -0.00777454181016055  
0.009446570997237093  0.004691026516766848  0.012237411466384964  -0.003809191809202714  0.005473663754914994  0.02103459827390144  0.0040154399029071345  0.007488635826647444  0.00963409990063638  0.005200765948870784  0.0050068409615274066  0.001454980860892496  0.0014166052275188985  0.020279232602511795  0.023147334873339  0.013669230228187067  0.0  -0.0025256013154251913  0.007237624859414007  0.00317387765574877  0.010285434217398014  0.007131504514879893  0.006139996143409225  0.012364056032357192  0.008887997546925371  -0.006044596320966224  
0.008339302136954479  0.009985358090890914  0.010197813480621567  -0.004755567451704742  0.005292072697215626  0.008511829157874351  0.008599859677467563  0.018100249469930767  0.008620252326443454  0.005120757001026624  0.009152837431223047  0.011565339245052413  0.006385127729625971  0.013577216388717764  0.01377514948614862  0.005678405773585548  0.002482652969957403  0.0  0.012506721146110095  0.009000466456342213  0.021243190372629138  0.014087244226483386  0.005672524961088284  0.016680212905624728  0.008247165801004099  -0.010080584660659206  
0.0032493262598565055  0.0005692534168492379  0.005364456481993065  -0.01937043389737503  0.0031521188534889837  -0.0002546325869776826  -0.0002083339291430333  0.0009344129942694331  0.003655959759288717  0.0031173928442783574  0.0018640012926635604  -0.0065297512667861135  -0.021598646815210135  0.009545240468909906  0.005391321276244225  -0.003525425863891227  -0.007237624859414007  -0.012482635019685231  0.0  -0.002854460968538571  0.0027521715455339256  0.0047959945258771956  0.003587798902830681  -0.0029016993450162163  0.0047291220193664725  -0.027629993257792376  
0.004152998585856701  0.008996316478479803  0.005967458478114038  -0.020209083442783073  0.0036083857487834107  0.0014130025370601492  0.0050494669219210645  0.00545787195207624  0.004512287083210906  0.003536313585718927  0.00843132789490078  -0.0048598912465115714  -0.0038637137487830607  0.007269813565286631  0.005966726747461112  -0.0006420852076704603  -0.003169958320535447  -0.008955909691706856  0.002846166130998321  0.0  0.006479279162333847  0.011721498273752781  0.003893782181147115  0.00045412167346902874  0.00533087543027232  -0.022961871313583595  
0.002543791890134505  -0.002443452582287528  0.005291732495368435  -0.013397180889549219  0.002897383124208121  -0.0030252635065864345  -0.002884913408503113  -0.0072069190371906264  0.00313745317966137  0.0028541515727146744  -0.00046790072074685336  -0.015087874160819116  -0.009182569441515047  0.00548549796980824  0.004081808170602072  -0.005804855091609874  -0.010230797116641585  -0.021293351388857306  -0.002767941150569727  -0.006469953103805839  0.0  0.0009573354966598079  0.0032122666342776444  -0.008107518770082665  0.004678741131565576  -0.01687569244955693  
0.0010441735576313148  -0.005064777566484264  0.0028843358364186184  -0.03710127731830549  0.002026795546886337  -0.0026368942079498824  -0.010700412193088881  -0.003180778609481944  0.0014442443614636822  0.0020609009531539976  -0.002645585674494061  -0.011571902179546742  -0.011235392168411197  0.003938672879367428  0.0017966628391410092  -0.0045716022515267735  -0.007103817840220572  -0.013969235897884574  -0.00479273305391128  -0.011727766454647836  -0.0009540989120297096  0.0  0.002294359770044071  -0.005200884936838316  0.0029489047190413183  -0.030673008433876752  
-0.003345068198386756  -0.0031277500938468946  -0.0014532604895658816  -0.005643680843797554  -0.0010974219490335023  -0.004822910564593249  -0.0032091724543125916  -0.0035414912115204074  -0.00278173752211379  -0.0002453681725385065  -0.00258835426852286  -0.004854906875222786  -0.004883957974761189  -0.0007448932031862451  -0.0025776636290539365  -0.005482594194168736  -0.006149928874505417  0.0  -0.003590547216753462  -0.003881314343018891  -0.003197880759458086  -0.002291833421281245  0.0  -0.004619047481423502  -0.00037927516279134707  -0.006201579672845867  
0.005995981127857746  0.0021886186010555263  0.008725943994505735  -0.010095183910206538  0.00422214676905348  0.0027859459905046724  0.0014097320716996815  0.004491089265171156  0.006441806571297293  0.004074420023617879  0.003022378306506283  -0.0052085922450659725  -0.00675108067839162  0.012045768335073157  0.01205199150271676  -0.00257258943616297  -0.01242878931001351  -0.01697055603714126  0.0029095808280719415  -0.00045251648760522435  0.008068046916284795  0.005204841988527516  0.004629372671386767  0.0  0.006814998306439932  -0.014625186989695754  
-0.008090208756213307  -0.004163097051381433  -0.002039680761241306  -0.007706032235809804  -2.2690621343997322e-05  -0.0068205437184138155  -0.004232538068989257  -0.005049745710345958  -0.006479475207772239  0.00026895318363201335  -0.003329811635130833  -0.00692486791725153  -0.006844081247066975  -0.0005799344308778664  -0.003871717684301352  -0.007401039513407482  -0.008900515853329492  -0.008172347267668943  -0.00474382014530079  -0.00528711451256113  -0.004641701799109857  -0.002937437171735891  0.00038054968028042465  -0.006831846262698127  0.0  -0.008605389209050485  
0.00884195290253062  0.017557869715513853  0.010556458974157787  0.00908288387094799  0.005812290533919537  0.009646992221682268  0.017328900831411243  0.01715651472730445  0.00905632792534734  0.005603142173540604  0.01574771467243526  0.016075263316396592  0.01966846486110906  0.014375889614586856  0.013470883000582832  0.007756296470840747  0.006044596320966224  0.010101498736718666  0.027573605516449943  0.02288152886672011  0.016937735436503832  0.03126996452245821  0.006213294976505271  0.014631461201188545  0.008607046641486744  0.0  
