Height_Data

node	height
0	88.0368066164915
1	40.99036480954657
2	116.06557206666207
3	65.29918158213862
4	130.59872806947675
5	67.93191154254158
6	78.3578824491804
7	33.81809927701289
8	392.0007390270847
9	125.98588205506809
10	100.43821115818264
11	400.1615281712209
12	148.84861322194647
13	54.948065027050795
14	38.527108419366584
15	83.39489270465252
16	85.31202259815878
17	69.06653913911654
18	19.82127913013061
19	85.3066659644107
20	64.15294962158984
21	77.64181581272602
22	74.44815959097727
23	50.13000048421845
24	129.83135266671565
25	103.79836362915665



height_matrix
0.0  94.09288361388987  -56.057530900341135  45.475250068705776  -85.12384290597049  40.20979014789984  19.35784833462222  108.43741467895723  -607.9278648211864  -75.89815087715317  -24.80280908338227  -624.2494431094588  -121.62361321090992  66.17748317888142  99.01939639424984  9.283827823677967  5.449568036665454  37.94053495474992  136.4310549727218  5.460281304161612  47.767713989803326  20.78998160753096  27.17729405102847  75.81361226454611  -83.58909210044828  -31.5231140253303  
-94.09288361388987  0.0  -150.150414514231  -48.61763354518409  -179.21672651986034  -53.88309346599003  -74.73503527926765  14.344531065067358  -702.0207484350763  -169.99103449104302  -118.89569269727214  -718.3423267233486  -215.71649682479978  -27.91540043500845  4.926512780359971  -84.8090557902119  -88.64331557722441  -56.152348659139946  42.33817135883192  -88.63260230972826  -46.32516962408654  -73.3029020063589  -66.9155895628614  -18.27927134934376  -177.68197571433814  -125.61599763922017  
56.057530900341135  150.150414514231  0.0  101.53278096904691  -29.066312005629356  96.26732104824097  75.41537923496335  164.49494557929836  -551.8703339208453  -19.840619976812036  31.254721816958863  -568.1919122091176  -65.56608231056879  122.23501407922255  155.07692729459097  65.3413587240191  61.50709893700659  93.99806585509106  192.48858587306293  61.51781220450275  103.82524489014446  76.8475125078721  83.2348249513696  131.87114316488726  -27.53156120010715  24.534416875010834  
-45.475250068705776  48.61763354518409  -101.53278096904691  0.0  -130.59909297467627  -5.265459920805938  -26.117401734083558  62.96216461025145  -653.4031148898922  -121.37340094585895  -70.27805915208805  -669.7246931781646  -167.0988632796157  20.70223311017564  53.54414632554406  -36.19142224502781  -40.02568203204032  -7.534715113955855  90.95580490401602  -40.014968764544165  2.29246392109755  -24.685268461174815  -18.297956017677308  30.338362195840332  -129.06434216915406  -76.99836409403608  
85.12384290597049  179.21672651986034  29.066312005629356  130.59909297467627  0.0  125.33363305387033  104.48169124059271  193.56125758492772  -522.8040219152159  9.22569202881732  60.32103382258822  -539.1256002034883  -36.49977030493943  151.3013260848519  184.14323930022033  94.40767072964846  90.57341094263595  123.06437786072041  221.5548978786923  90.5841242101321  132.89155689577382  105.91382451350145  112.30113695699896  160.9374551705166  1.5347508055222079  53.60072888064019  
-40.20979014789984  53.88309346599003  -96.26732104824097  5.265459920805938  -125.33363305387033  0.0  -20.85194181327762  68.22762453105739  -648.1376549690863  -116.10794102505301  -65.01259923128211  -664.4592332573586  -161.83340335880976  25.96769303098158  58.80960624635  -30.92596232422187  -34.760222111234384  -2.2692551931499167  96.22126482482196  -34.74950884373823  7.557923841903488  -19.419808540368876  -13.03249609687137  35.60382211664627  -123.79888224834812  -71.73290417323014  
-19.35784833462222  74.73503527926765  -75.41537923496335  26.117401734083558  -104.48169124059271  20.85194181327762  0.0  89.079566344335  -627.2857131558086  -95.25599921177539  -44.16065741800449  -643.6072914440809  -140.98146154553214  46.8196348442592  79.66154805962762  -10.074020510944251  -13.908280297956765  18.582686620127703  117.07320663809958  -13.897567030460607  28.409865655181108  1.432133272908743  7.81944571640625  56.45576392992389  -102.9469404350705  -50.88096235995252  
-108.43741467895723  -14.344531065067358  -164.49494557929836  -62.96216461025145  -193.56125758492772  -68.22762453105739  -89.079566344335  0.0  -716.3652795001436  -184.3355655561104  -133.2402237623395  -732.686857788416  -230.06102788986715  -42.25993150007581  -9.418018284707387  -99.15358685527926  -102.98784664229177  -70.4968797242073  27.993640293764564  -102.97713337479561  -60.6697006891539  -87.64743307142626  -81.26012062792876  -32.62380241441112  -192.0265067794055  -139.96052870428753  
607.9278648211864  702.0207484350763  551.8703339208453  653.4031148898922  522.8040219152159  648.1376549690863  627.2857131558086  716.3652795001436  0.0  532.0297139440332  583.1250557378041  -16.32157828827235  486.3042516102765  674.1053480000678  706.9472612154362  617.2116926448643  613.3774328578519  645.8683997759363  744.3589197939082  613.388146125348  655.6955788109897  628.7178464287174  635.1051588722148  683.7414770857325  524.3387727207381  576.4047507958561  
75.89815087715317  169.99103449104302  19.840619976812036  121.37340094585895  -9.22569202881732  116.10794102505301  95.25599921177539  184.3355655561104  -532.0297139440332  0.0  51.0953417937709  -548.3512922323056  -45.72546233375675  142.07563405603457  174.917547271403  85.18197870083114  81.34771891381862  113.83868583190309  212.32920584987497  81.35843218131478  123.6658648669565  96.68813248468413  103.07544492818164  151.7117631416993  -7.690941223295113  44.37503685182287  
24.80280908338227  118.89569269727214  -31.254721816958863  70.27805915208805  -60.32103382258822  65.01259923128211  44.16065741800449  133.2402237623395  -583.1250557378041  -51.0953417937709  0.0  -599.4466340260765  -96.82080412752765  90.98029226226369  123.82220547763211  34.08663690706024  30.252377120047726  62.74334403813219  161.23386405610407  30.263090387543883  72.5705230731856  45.59279069091323  51.98010313441074  100.61642134792838  -58.78628301706601  -6.720304941948029  
624.2494431094588  718.3423267233486  568.1919122091176  669.7246931781646  539.1256002034883  664.4592332573586  643.6072914440809  732.686857788416  16.32157828827235  548.3512922323056  599.4466340260765  0.0  502.62582989854883  690.4269262883402  723.2688395037086  633.5332709331367  629.6990111461242  662.1899780642086  760.6804980821805  629.7097244136204  672.017157099262  645.0394247169897  651.4267371604872  700.0630553740049  540.6603510090105  592.7263290841285  
121.62361321090992  215.71649682479978  65.56608231056879  167.0988632796157  36.49977030493943  161.83340335880976  140.98146154553214  230.06102788986715  -486.3042516102765  45.72546233375675  96.82080412752765  -502.62582989854883  0.0  187.80109638979133  220.64300960515976  130.9074410345879  127.07318124757538  159.56414816565984  258.0546681836317  127.08389451507153  169.39132720071325  142.41359481844088  148.8009072619384  197.43722547545605  38.03452111046164  90.10049918557962  
-66.17748317888142  27.91540043500845  -122.23501407922255  -20.70223311017564  -151.3013260848519  -25.96769303098158  -46.8196348442592  42.25993150007581  -674.1053480000678  -142.07563405603457  -90.98029226226369  -690.4269262883402  -187.80109638979133  0.0  32.84191321536842  -56.89365535520345  -60.72791514221596  -28.236948224131496  70.25357179384036  -60.717201874719805  -18.40976918907809  -45.387501571350455  -39.00018912785295  9.636129085664692  -149.7665752793297  -97.70059720421172  
-99.01939639424984  -4.926512780359971  -155.07692729459097  -53.54414632554406  -184.14323930022033  -58.80960624635  -79.66154805962762  9.418018284707387  -706.9472612154362  -174.917547271403  -123.82220547763211  -723.2688395037086  -220.64300960515976  -32.84191321536842  0.0  -89.73556857057187  -93.56982835758438  -61.07886143949992  37.41165857847195  -93.55911509008823  -51.25168240444651  -78.22941478671888  -71.84210234322137  -23.20578412970373  -182.60848849469812  -130.54251041958014  
-9.283827823677967  84.8090557902119  -65.3413587240191  36.19142224502781  -94.40767072964846  30.92596232422187  10.074020510944251  99.15358685527926  -617.2116926448643  -85.18197870083114  -34.08663690706024  -633.5332709331367  -130.9074410345879  56.89365535520345  89.73556857057187  0.0  -3.8342597870125132  28.656707131071954  127.14722714904383  -3.8235465195163556  38.48388616612536  11.506153783852994  17.8934662273505  66.52978444086814  -92.87291992412625  -40.80694184900827  
-5.449568036665454  88.64331557722441  -61.50709893700659  40.02568203204032  -90.57341094263595  34.760222111234384  13.908280297956765  102.98784664229177  -613.3774328578519  -81.34771891381862  -30.252377120047726  -629.6990111461242  -127.07318124757538  60.72791514221596  93.56982835758438  3.8342597870125132  0.0  32.49096691808447  130.98148693605634  0.010713267496157641  42.31814595313787  15.340413570865508  21.727726014363014  70.36404422788065  -89.03866013711374  -36.972682061995755  
-37.94053495474992  56.152348659139946  -93.99806585509106  7.534715113955855  -123.06437786072041  2.2692551931499167  -18.582686620127703  70.4968797242073  -645.8683997759363  -113.83868583190309  -62.74334403813219  -662.1899780642086  -159.56414816565984  28.236948224131496  61.07886143949992  -28.656707131071954  -32.49096691808447  0.0  98.49052001797187  -32.48025365058831  9.827179035053405  -17.15055334721896  -10.763240903721453  37.87307730979619  -121.5296270551982  -69.46364898008022  
-136.4310549727218  -42.33817135883192  -192.48858587306293  -90.95580490401602  -221.5548978786923  -96.22126482482196  -117.07320663809958  -27.993640293764564  -744.3589197939082  -212.32920584987497  -161.23386405610407  -760.6804980821805  -258.0546681836317  -70.25357179384036  -37.41165857847195  -127.14722714904383  -130.98148693605634  -98.49052001797187  0.0  -130.97077366856018  -88.66334098291847  -115.64107336519083  -109.25376092169333  -60.61744270817568  -220.02014707317008  -167.9541689980521  
-5.460281304161612  88.63260230972826  -61.51781220450275  40.014968764544165  -90.5841242101321  34.74950884373823  13.897567030460607  102.97713337479561  -613.388146125348  -81.35843218131478  -30.263090387543883  -629.7097244136204  -127.08389451507153  60.717201874719805  93.55911509008823  3.8235465195163556  -0.010713267496157641  32.48025365058831  130.97077366856018  0.0  42.307432685641714  15.32970030336935  21.717012746866857  70.3533309603845  -89.0493734046099  -36.98339532949191  
-47.767713989803326  46.32516962408654  -103.82524489014446  -2.29246392109755  -132.89155689577382  -7.557923841903488  -28.409865655181108  60.6697006891539  -655.6955788109897  -123.6658648669565  -72.5705230731856  -672.017157099262  -169.39132720071325  18.40976918907809  51.25168240444651  -38.48388616612536  -42.31814595313787  -9.827179035053405  88.66334098291847  -42.307432685641714  0.0  -26.977732382272364  -20.590419938774858  28.045898274742783  -131.3568060902516  -79.29082801513363  
-20.78998160753096  73.3029020063589  -76.8475125078721  24.685268461174815  -105.91382451350145  19.419808540368876  -1.432133272908743  87.64743307142626  -628.7178464287174  -96.68813248468413  -45.59279069091323  -645.0394247169897  -142.41359481844088  45.387501571350455  78.22941478671888  -11.506153783852994  -15.340413570865508  17.15055334721896  115.64107336519083  -15.32970030336935  26.977732382272364  0.0  6.387312443497507  55.02363065701515  -104.37907370797925  -52.31309563286126  
-27.17729405102847  66.9155895628614  -83.2348249513696  18.297956017677308  -112.30113695699896  13.03249609687137  -7.81944571640625  81.26012062792876  -635.1051588722148  -103.07544492818164  -51.98010313441074  -651.4267371604872  -148.8009072619384  39.00018912785295  71.84210234322137  -17.8934662273505  -21.727726014363014  10.763240903721453  109.25376092169333  -21.717012746866857  20.590419938774858  -6.387312443497507  0.0  48.63631821351764  -110.76638615147675  -58.70040807635877  
-75.81361226454611  18.27927134934376  -131.87114316488726  -30.338362195840332  -160.9374551705166  -35.60382211664627  -56.45576392992389  32.62380241441112  -683.7414770857325  -151.7117631416993  -100.61642134792838  -700.0630553740049  -197.43722547545605  -9.636129085664692  23.20578412970373  -66.52978444086814  -70.36404422788065  -37.87307730979619  60.61744270817568  -70.3533309603845  -28.045898274742783  -55.02363065701515  -48.63631821351764  0.0  -159.4027043649944  -107.33672628987641  
83.58909210044828  177.68197571433814  27.53156120010715  129.06434216915406  -1.5347508055222079  123.79888224834812  102.9469404350705  192.0265067794055  -524.3387727207381  7.690941223295113  58.78628301706601  -540.6603510090105  -38.03452111046164  149.7665752793297  182.60848849469812  92.87291992412625  89.03866013711374  121.5296270551982  220.02014707317008  89.0493734046099  131.3568060902516  104.37907370797925  110.76638615147675  159.4027043649944  0.0  52.06597807511798  
31.5231140253303  125.61599763922017  -24.534416875010834  76.99836409403608  -53.60072888064019  71.73290417323014  50.88096235995252  139.96052870428753  -576.4047507958561  -44.37503685182287  6.720304941948029  -592.7263290841285  -90.10049918557962  97.70059720421172  130.54251041958014  40.80694184900827  36.972682061995755  69.46364898008022  167.9541689980521  36.98339532949191  79.29082801513363  52.31309563286126  58.70040807635877  107.33672628987641  -52.06597807511798  0.0  



slope_matrix
0.0  0.0010584126390763766  -0.0006352776022522539  0.000625682779112915  -0.0024066678797277493  0.004309730991200411  0.00020236094851162678  0.0015326843064163566  -0.051000659800435104  -0.0019724051683251862  -0.0002587102364988607  -0.04596829477978341  -0.0014201563878388846  0.0007844651870422169  0.0034144619446293046  0.00013620639412673075  8.108269657291257e-05  0.0019200675584387613  0.0037023352774144314  5.473911343406694e-05  0.000638349779363936  0.0014477703069311254  0.0002762200838604377  0.001237753053248863  -0.0010399110747620493  -0.0005067210098911799  
-0.0010612777308131047  0.0  -0.004177807860718725  -0.0012280281269306413  -0.002624732374338904  -0.0005721288327244641  -0.0031627183783016354  0.0006750367560031697  -0.008352418184831366  -0.0026104274338305134  -0.004431445870192775  -0.008724099182940839  -0.006911774970355648  -0.0016596551982763644  5.494047931705109e-05  -0.0009303318976548036  -0.0009016714024740557  -0.0006864590300628355  0.0004011195770614109  -0.0028074945299248733  -0.00047260936160055644  -0.0009647657542295197  -0.0023380709141461006  -0.0004169541822386806  -0.005869903393271825  -0.0013603638470784077  
0.0006324893478544638  0.004153538437461438  0.0  0.005845295392576103  -0.0005182084508045882  0.0011098376878976362  0.0012704747175701374  0.004083787129575431  -0.006438058025208181  -0.00038450813908550455  0.0021378058698330277  -0.00675614639963279  -0.00913176633851933  0.004869920879650301  0.002022654588425603  0.0005778841312816759  0.000526556792543503  0.0013319833619823021  0.0017311681434756987  0.003790376599168376  0.0008543881245074429  0.0010275105295878071  0.0012966945778371958  0.004855344004598206  -0.0029893117481115256  0.00021942954006806936  
-0.0006188708655122518  0.0012212417368797812  -0.005775471044883214  0.0  -0.0032040994351000066  -7.373561014992211e-05  -0.0004657999239180231  0.0018372385354610869  -0.008970388727208845  -0.0033463854685927474  -0.0023102583547694954  -0.00928239352984289  -0.009206548941025659  0.0007346427647329894  0.000872907504492078  -0.000338048031431233  -0.0003657317437138187  -0.00013639962190361792  0.0008943540305212981  -0.0012041820272207092  2.0123454363566977e-05  -0.0003987282904405559  -0.00029967173301142006  0.0025645276581437305  -0.009462195173691646  -0.0007372497519536201  
0.0023978547297456476  0.0026224279560998  0.0005161838395601022  0.00320488571716997  0.0  0.003881499939729648  0.0013233906426927513  0.003581814537100809  -0.013635994311820969  0.0019341073435675724  0.000930435036056643  -0.014319405051885479  -0.000668481718374012  0.002562691837480554  0.008544929897922058  0.0010449105780813333  0.0010106383724909167  0.0076342666166700004  0.003298420394204143  0.001318335116795449  0.0013691691417244366  0.003984718755210739  0.001341710118960561  0.005420594650404736  3.1104979743463e-05  0.0006334286088470833  
-0.004273091407853331  0.0005714613794250719  -0.0011081768279986297  7.383901165062317e-05  -0.0038935580321177487  0.0  -0.00020635271462916992  0.000896081225782209  -0.03052932901408791  -0.0032891767995765725  -0.0006822533002201898  -0.02902836318293397  -0.0019025570280011962  0.00029844492622665877  0.0027289840485545244  -0.0003991992038753307  -0.0004542632267542392  -0.0001368670200934811  0.0022682995008208853  -0.0003503999036385458  8.982557454128224e-05  -0.0010384924353138436  -0.0001232037823489447  0.0005909348069152908  -0.0015513449987888388  -0.0010029768480597056  
-0.00020282741339713137  0.003184279304613023  -0.0012743389529395633  0.00046889410653650913  -0.0013235582878210377  0.0002065366661378528  0.0  0.0033127395442296395  -0.007232626693829224  -0.0012479496817997561  -0.0008818022647365114  -0.007593290366258624  -0.0026136718862723794  0.0011658275608630278  0.0008112173936825623  -0.00013220499358194556  -0.00016434219895966872  0.00020886463549654605  0.001183992785579486  -0.00025351271489348063  0.00034282449203790406  1.7304655303392254e-05  0.0012735253609782167  0.000960132039624556  -0.0020560603242474637  -0.0006462715910066369  
-0.0015374651166731495  -0.000675991096374522  -0.004076702492671583  -0.0018409989652120307  -0.003582477467794331  -0.0008971416769369808  -0.0033127395442296395  0.0  -0.010867191739990043  -0.0035849001469488604  -0.0031240380718016293  -0.011410790496626943  -0.00638172060720852  -0.0015839554535260797  -0.00012850345592451066  -0.0012500452200615137  -0.001259482042831011  -0.0011004820437747003  0.0003237007434524117  -0.002172971795205647  -0.000703988172303944  -0.001515080951969339  -0.002568271827684221  -0.0009374655866210091  -0.006146815197804274  -0.0018231148717505214  
0.05087262467122899  0.008345467765514458  0.00645840063102218  0.008981486115324979  0.013579325244551063  0.030601400140183487  0.007216816764332818  0.010858955275127233  0.0  0.013214846347343101  0.00633349685823617  -0.008079989251619974  0.0059421340617091456  0.008470788489571095  0.0188922303905782  0.010429396631376552  0.010533701405767678  0.025731808756013396  0.024097083839233025  0.006392789433302221  0.009957411978906448  0.04622925341387628  0.00714966969348435  0.010974983580830378  0.006830885522677672  0.010828569430694272  
0.0019637296475330706  0.002617662988774916  0.00038302355167590805  0.0033491556552389334  -0.001922019172670275  0.0032761834375014958  0.001246806272405437  0.0035800265208022993  -0.013270883361038495  0.0  0.000826517984370283  -0.013917545488129584  -0.000886324139053242  0.002553480123221326  0.006673695050415987  0.0009480465075217712  0.0009127885874530815  0.005907560240368609  0.00308080681732262  0.001238332301085461  0.001280715253386045  0.0034129238434410215  0.0012701841642413017  0.006025089878542466  -0.00016600347988981464  0.0005275206473112562  
0.0002587399236739231  0.004508748300996289  -0.0021348853700108514  0.002318642664206138  -0.0009305785751930427  0.0006819670330876852  0.000890694986244544  0.003201350883285428  -0.006341072811415878  -0.0008328499069889307  0.0  -0.006642067967047939  -0.006747094364287641  0.005184062237166022  0.0014458285806755189  0.00029037087406985466  0.0002488883350065629  0.0007926042374165586  0.0013740741780816777  0.004366968309890892  0.0005772392862964175  0.0005560096425721126  0.0009553409875833623  0.002619537134806779  -0.003433778213613669  -5.766027406218815e-05  
0.04603609462459135  0.008725158833029862  0.006757753475370096  0.009310784000808627  0.014308004251684932  0.02915573643077484  0.007580769039388468  0.011416124303340854  0.008285065120950431  0.013903430330433711  0.006639860811099651  0.0  0.0062788985621305285  0.008875522898680295  0.019590163583524067  0.011017969929271943  0.011135261028225008  0.027273063346960818  0.025663984415728088  0.006687656376525281  0.010472450632682906  0.0504725684442089  0.007504051804636415  0.011386842149869956  0.007211689355862485  0.011498085918217816  
0.0014233307572956105  0.0068459694327134175  0.008627116093495894  0.009335132026794174  0.000670569533996058  0.0019052448565334734  0.0026035357626137054  0.006408385177990728  -0.005961802765848676  0.0008972814429701089  0.00663156192654299  -0.006293837088636975  0.0  0.009251285536442923  0.0029320940533037404  0.0012044110868947272  0.0011302426509612682  0.002320224341156299  0.002412853372450974  0.006876834118780927  0.0014460587946108353  0.001988738930574513  0.002516078918869435  0.007130271775928352  0.006457473872743912  0.0008386903023883423  
-0.0007882964047514165  0.0016363071767296865  -0.004864107205699266  -0.0007404232156715179  -0.0025622578507172207  -0.00029803389224126683  -0.0011626430306495952  0.0016013615574109817  -0.008496412251072193  -0.0025420582225091173  -0.0049392123920881485  -0.008893815873867578  -0.009380674145344221  0.0  0.0004082783840796671  -0.0005592063628386421  -0.0005832492810431806  -0.0003890994656763331  0.0006708706244637163  -0.002621640840877366  -0.0001695190533064281  -0.0006371069844378222  -0.0008647492046087128  0.0002818405699229217  -0.009273472153518866  -0.0009856799556518536  
-0.0033139021550953763  -5.517367685836166e-05  -0.002026619541225705  -0.0008783488570463265  -0.008690100958009454  -0.002610279904409676  -0.0008113000107916042  0.00012852099187646542  -0.018410084927485318  -0.00677449834513567  -0.0014507411216931507  -0.01901337643279991  -0.0029371681634317937  -0.00041057010432884224  0.0  -0.0009451818893045278  -0.0009932048440461137  -0.003829395701536045  0.0005944964020097243  -0.0010485046126356113  -0.0005041975642345943  -0.0026827645674457777  -0.0006979026845076876  -0.0004650457741423593  -0.0026138831178296636  -0.0014633170095233734  
-0.0001368892336136533  0.0009399208222344221  -0.0005778330272728962  0.0003384590128591397  -0.001033245821710063  0.00040137524106712355  0.00013405216914097473  0.001249887644715483  -0.010493228368664814  -0.0009267977227813202  -0.0002915131865822307  -0.011104877667539644  -0.0012034146077825694  0.0005592063628386421  0.0009552434380516486  0.0  -0.00029025433663985715  0.00035856740654494437  0.002670038369362533  -3.124323026243141e-05  0.004608848642649744  0.00016935757703639967  0.00023835708308712536  0.0006567599648654309  -0.0008932665184584616  -0.0045341046498898075  
-8.143407107987828e-05  0.0009024976132887845  -0.0005263765420368557  0.00036616670050352505  -0.0009987144221263197  0.00045647041511798274  0.00016672596856817028  0.0012604068858437373  -0.01059007998718667  -0.0008916772872280897  -0.00024643513457191045  -0.011214586129049407  -0.0011290375943809451  0.0005832492810431806  0.0010056946298106662  0.00029246832852879585  0.0  0.0004100323942211568  0.0032365082020275843  8.452948947575857e-08  0.0029387601356345746  0.00022807632427691805  0.0002607118552239383  0.0006786655500374292  -0.0008372229444016336  -0.00561042216418752  
-0.0019229870732260478  0.000689662842779906  -0.0013280314475147084  0.00013644902415711435  -0.007643750177684498  0.00013736411580810633  -0.00020888811398524847  0.0011006538598627214  -0.025938489950840814  -0.005926011755955393  -0.0007916042446869481  -0.027351919787864876  -0.002311485393021394  0.00039152729096133523  0.003938031040586713  -0.0003574046786115235  -0.00040894860815713616  0.0  0.0018330638380415387  -0.0003906646979298819  0.00011309907969908396  -0.0012338527587927308  -0.00011485690858735944  0.0008576330912544426  -0.0019057193246961503  -0.0009330241636008089  
-0.0036983208179105936  -0.00040096762343812785  -0.001736008169850856  -0.0008960280258498278  -0.003284241000277087  -0.002305805531388017  -0.0011862722326284282  -0.00032332686871984945  -0.023911304844006043  -0.003067454577432461  -0.0013771255898198161  -0.025517628248311993  -0.0024151115412600066  -0.0006717044822051856  -0.0006062495313315824  -0.002678475398126055  -0.003200134056585789  -0.0018218742141689211  0.0  -0.0010827610256990757  -0.001718281801994544  -0.002717130483204672  -0.0011020149376809898  -0.0006642279499033057  -0.002161935217384004  -0.004325371336545251  
-5.4536823485199025e-05  0.0027986296908660644  -0.003785711520277092  0.0012056332860664106  -0.0013148905402756833  0.00034958912730996897  0.0002532355508465854  0.0021947385629751837  -0.0063874637730433  -0.001243632408763601  -0.0043732789577375555  -0.006676311751628715  -0.006902981777027243  0.002657207959506337  0.0010428945735761303  3.1057968641997854e-05  -8.445618838121908e-08  0.00039024226130394095  0.001078747826938145  0.0  0.00032158279633354907  0.000177303959095181  0.000363708135100768  0.0016561518587661134  -0.004202424417395464  -0.0003035157597824531  
-0.0006426438045177361  0.0004755689315684893  -0.0008518644969654124  -2.008994760404478e-05  -0.0013546539948600797  -9.044906464700201e-05  -0.00034507306759602946  0.0007013027475338562  -0.010036668893479102  -0.0012537090923251874  -0.0005745429742157042  -0.010572957160152014  -0.0014406474502527066  0.0001690210171601  0.0005102208303080787  -0.004433627438493705  -0.00301841269280584  -0.00011341233739242245  0.0017236263799167665  -0.0003210946621557507  0.0  -0.00036129278669174184  -0.0002521173005849744  0.000258535197960387  -0.0011817976256432894  -0.006214014734728341  
-0.0014765611937166876  0.000964384975744756  -0.001032064363522322  0.0003996967043584005  -0.0040394288525362875  0.0010429542717706164  -1.7302564611679873e-05  0.0015148190990567968  -0.04688425402153001  -0.0034556158858000045  -0.0005554677228425102  -0.050710646597247624  -0.0019820959612865817  0.0006381819681011031  0.002770163413127439  -0.00016928282748055016  -0.00022814416375469226  0.0012338527587927308  0.0027377148050471314  -0.00017816945959285623  0.000361244407904022  0.0  7.29811750856662e-05  0.0010928011490738047  -0.0015674887176449805  -0.0008405060352323467  
-0.0002766981678988848  0.0023512153746613283  -0.0012970987213864673  0.00030149869859412274  -0.0013436364795046537  0.00012347225103620434  -0.0012714545880335366  0.0025772318626047816  -0.007164186789308684  -0.0012730078415237945  -0.0009457806247163527  -0.007515306150905482  -0.0025250450918367284  0.0008639829226374158  0.0006985813141114485  -0.00023506918322846167  -0.00025698079260039045  0.00011497960585109981  0.001099132403638766  -0.00036376905773646324  0.0002516243424022346  -7.308137807205385e-05  0.0  0.000762444242256116  -0.002011739668570228  -0.0007463497530369837  
-0.0012231750417796762  0.00041355817532451946  -0.004819851723862839  -0.0025710476437152824  -0.0054096623586728275  -0.0005894672535868587  -0.0009557434218710664  0.0009469899104328336  -0.010987328894194641  -0.006006008042030851  -0.0025746269536317395  -0.011375740256321171  -0.007069001986231867  -0.00027874252489628844  0.00046107260341155833  -0.0006573439822237738  -0.0006792551812711715  -0.0008562757700609583  0.000665686829652709  -0.0016376473687240338  -0.0002595160384449226  -0.001072585392924272  -0.0007592306933112339  0.0  -0.006806264063407105  -0.001088718189368865  
0.0010292955559715342  0.0056731154442636695  0.0028678709583444947  0.009553245164260107  -3.052954597127982e-05  0.0015325247551818883  0.002021341850286089  0.006088348344305819  -0.006803409533161257  0.00016433635092510924  0.003361136822016353  -0.007174367715087718  -0.005869524862725562  0.008768534852419772  0.0025686583181372905  0.0008901842224108718  0.000834398464409275  0.001880943292244327  0.002147585622968961  0.004167027300168924  0.0011813724803512152  0.001549340562683379  0.0019808008968432897  0.0068413177839053395  0.0  0.000511906184987887  
0.0005090942187553344  0.0013628729265403078  -0.0002193510672777008  0.0007381685753430743  -0.0006255190673432161  0.0010081926096026724  0.0006551759253148663  0.0018245408513138772  -0.010892002093648075  -0.0005146125113281093  5.7067806911922805e-05  -0.011588002523638875  -0.0008377545252029718  0.0009856799556518536  0.0014827636349338952  0.004539148147831843  0.005618948641640692  0.0009356633752704771  0.004303206994569615  0.00030379000599221217  0.006043508232860794  0.0008402360365059631  0.0007566435689141372  0.0010877252360141508  -0.0005137245000011641  0.0  
