Height_Data

node	height
0	66.67429355416792
1	10.984858048512427
2	30.537445618677218
3	86.52037126553125
4	55.38129291558895
5	18.684501260189965
6	65.41586417072995
7	48.39479436128143
8	117.26947602986763
9	70.51673250801055
10	50.85441618262315
11	309.0315512482928
12	65.46313261214841
13	294.29970800508147
14	46.72132995558695
15	97.62706275288824
16	52.522157775348184
17	21.571765524266084
18	6.672253822837796
19	99.09596621703581
20	21.847604873145627
21	62.71406004827707
22	16.91851729469352
23	146.12777946345597
24	107.19288937330833
25	30.134364925850605



height_matrix
0.0  111.37887101131098  72.2736958709814  -39.69215542272667  22.586001277157933  95.97958458795591  2.5168587668759415  36.55899838577298  -101.19036495139943  -7.684877907685262  31.63975474308954  -484.7145153882498  2.4223218840390075  -455.2508289018271  39.90592719716193  -61.90553839744064  28.304271557639467  90.20505605980367  120.00407946266024  -64.84334532573578  89.65337736204458  7.920467011781696  99.5115525189488  -158.9069718185761  -81.03719163828083  73.07985725663463  
-111.37887101131098  0.0  -39.10517514032958  -151.07102643403766  -88.79286973415304  -15.399286423355075  -108.86201224443504  -74.819872625538  -212.56923596271042  -119.06374891899624  -79.73911626822144  -596.0933863995608  -108.95654912727197  -566.6296999131381  -71.47294381414905  -173.28440940875163  -83.07459945367151  -21.173814951507314  8.625208451349263  -176.22221633704677  -21.7254936492664  -103.45840399952928  -11.867318492362184  -270.2858428298871  -192.41606264959182  -38.29901375467635  
-72.2736958709814  39.10517514032958  0.0  -111.96585129370807  -49.687694593823466  23.705888716974506  -69.75683710410546  -35.71469748520842  -173.46406082238082  -79.95857377866666  -40.63394112789186  -556.9882112592312  -69.85137398694239  -527.5245247728085  -32.36776867381947  -134.17923426842202  -43.96942431334193  17.931360188822268  47.730383591678844  -137.1170411967172  17.37968149106318  -64.3532288591997  27.237856647967398  -231.18066768955748  -153.31088750926222  0.8061613856532261  
39.69215542272667  151.07102643403766  111.96585129370807  0.0  62.278156699884605  135.67174001068258  42.20901418960261  76.25115380849965  -61.49820952867276  32.00727751504141  71.33191016581621  -445.02235996552315  42.11447730676568  -415.55867347910043  79.5980826198886  -22.213382974713966  67.99642698036614  129.89721148253034  159.6962348853869  -25.15118990300911  129.34553278477125  47.61262243450837  139.20370794167548  -119.21481639584943  -41.34503621555416  112.7720126793613  
-22.586001277157933  88.79286973415304  49.687694593823466  -62.278156699884605  0.0  73.39358331079796  -20.069142510281992  13.972997108615047  -123.77636622855736  -30.270879184843196  9.053753465931607  -507.30051666540777  -20.163679393118926  -477.83683017898505  17.319925920003996  -84.49153967459857  5.7182702804815335  67.61905478264573  97.41807818550231  -87.42934660289372  67.06737608488665  -14.665534265376237  76.92555124179086  -181.49297309573404  -103.62319291543876  50.49385597947669  
-95.97958458795591  15.399286423355075  -23.705888716974506  -135.67174001068258  -73.39358331079796  0.0  -93.46272582107997  -59.420586202182925  -197.16994953935534  -103.66446249564117  -64.33982984486636  -580.6940999762057  -93.5572627039169  -551.230413489783  -56.073657390793976  -157.88512298539655  -67.67531303031643  -5.7745285281522385  24.024494874704338  -160.8229299136917  -6.326207225911325  -88.0591175761742  3.5319679309928915  -254.886556406532  -177.01677622623674  -22.89972733132128  
-2.5168587668759415  108.86201224443504  69.75683710410546  -42.20901418960261  20.069142510281992  93.46272582107997  0.0  34.04213961889704  -103.70722371827537  -10.201736674561204  29.1228959762136  -487.23137415512576  -0.09453688283693396  -457.76768766870305  37.38906843028599  -64.42239716431658  25.787412790763526  87.68819729292773  117.4872206957843  -67.36020409261172  87.13651859516864  5.4036082449057545  96.99469375207286  -161.42383058545204  -83.55405040515677  70.56299848975868  
-36.55899838577298  74.819872625538  35.71469748520842  -76.25115380849965  -13.972997108615047  59.420586202182925  -34.04213961889704  0.0  -137.7493633371724  -44.24387629345824  -4.9192436426834405  -521.2735137740228  -34.13667650173397  -491.8098272876001  3.346928811388949  -98.46453678321362  -8.254726828133514  53.646057674030686  83.44508107688726  -101.40234371150876  53.0943789762716  -28.638531373991285  62.952554133175816  -195.46597020434908  -117.59619002405381  36.520858870861645  
101.19036495139943  212.56923596271042  173.46406082238082  61.49820952867276  123.77636622855736  197.16994953935534  103.70722371827537  137.7493633371724  0.0  93.50548704371417  132.83011969448899  -383.5241504368504  103.61268683543844  -354.0604639504277  141.09629214856136  39.284826553958794  129.4946365090389  191.3954210112031  221.19444441405966  36.34701962566365  190.843742313444  109.11083196318113  200.70191747034823  -57.716606867176665  20.1531733131186  174.27022220803406  
7.684877907685262  119.06374891899624  79.95857377866666  -32.00727751504141  30.270879184843196  103.66446249564117  10.201736674561204  44.24387629345824  -93.50548704371417  0.0  39.3246326507748  -477.0296374805646  10.10719979172427  -447.5659509941419  47.59080510484719  -54.220660489755375  35.98914946532473  97.88993396748893  127.6889573703455  -57.15846741805052  97.33825526972984  15.605344919466958  107.19643042663407  -151.22209391089083  -73.35231373059557  80.76473516431989  
-31.63975474308954  79.73911626822144  40.63394112789186  -71.33191016581621  -9.053753465931607  64.33982984486636  -29.1228959762136  4.9192436426834405  -132.83011969448899  -39.3246326507748  0.0  -516.3542701313394  -29.217432859050533  -486.89058364491666  8.26617245407239  -93.54529314053018  -3.335483185450073  58.56530131671413  88.3643247195707  -96.48310006882532  58.01362261895504  -23.719287731307844  67.87179777585925  -190.54672656166565  -112.67694638137037  41.440102513545085  
484.7145153882498  596.0933863995608  556.9882112592312  445.02235996552315  507.30051666540777  580.6940999762057  487.23137415512576  521.2735137740228  383.5241504368504  477.0296374805646  516.3542701313394  0.0  487.13683727228886  29.463686486422716  524.6204425854118  422.8089769908092  513.0187869458892  574.9195714480535  604.7185948509101  419.871170062514  574.3678927502945  492.6349824000315  584.2260679071986  325.8075435696737  403.677323749969  557.7943726448844  
-2.4223218840390075  108.95654912727197  69.85137398694239  -42.11447730676568  20.163679393118926  93.5572627039169  0.09453688283693396  34.13667650173397  -103.61268683543844  -10.10719979172427  29.217432859050533  -487.13683727228886  0.0  -457.67315078586614  37.48360531312292  -64.32786028147964  25.88194967360046  87.78273417576466  117.58175757862124  -67.26566720977479  87.23105547800557  5.4981451277426885  97.0892306349098  -161.3292937026151  -83.45951352231984  70.65753537259562  
455.2508289018271  566.6296999131381  527.5245247728085  415.55867347910043  477.83683017898505  551.230413489783  457.76768766870305  491.8098272876001  354.0604639504277  447.5659509941419  486.89058364491666  -29.463686486422716  457.67315078586614  0.0  495.15675609898904  393.34529050438647  483.5551004594666  545.4558849616308  575.2549083644874  390.4074835760913  544.9042062638716  463.1712959136088  554.7623814207759  296.343857083251  374.2136372635463  528.3306861584617  
-39.90592719716193  71.47294381414905  32.36776867381947  -79.5980826198886  -17.319925920003996  56.073657390793976  -37.38906843028599  -3.346928811388949  -141.09629214856136  -47.59080510484719  -8.26617245407239  -524.6204425854118  -37.48360531312292  -495.15675609898904  0.0  -101.81146559460257  -11.601655639522463  50.29912886264174  80.09815226549831  -104.74927252289771  49.74745016488265  -31.985460185380234  59.60562532178687  -198.81289901573803  -120.94311883544276  33.173930059472696  
61.90553839744064  173.28440940875163  134.17923426842202  22.213382974713966  84.49153967459857  157.88512298539655  64.42239716431658  98.46453678321362  -39.284826553958794  54.220660489755375  93.54529314053018  -422.8089769908092  64.32786028147964  -393.34529050438647  101.81146559460257  0.0  90.2098099550801  152.1105944572443  181.90961786010087  -2.937806928295146  151.55891575948522  69.82600540922233  161.41709091638944  -97.00143342113546  -19.131653240840194  134.98539565407526  
-28.304271557639467  83.07459945367151  43.96942431334193  -67.99642698036614  -5.7182702804815335  67.67531303031643  -25.787412790763526  8.254726828133514  -129.4946365090389  -35.98914946532473  3.335483185450073  -513.0187869458892  -25.88194967360046  -483.5551004594666  11.601655639522463  -90.2098099550801  0.0  61.9007845021642  91.69980790502078  -93.14761688337525  61.34910580440511  -20.38380454585777  71.20728096130932  -187.21124337621558  -109.3414631959203  44.77558569899516  
-90.20505605980367  21.173814951507314  -17.931360188822268  -129.89721148253034  -67.61905478264573  5.7745285281522385  -87.68819729292773  -53.646057674030686  -191.3954210112031  -97.88993396748893  -58.56530131671413  -574.9195714480535  -87.78273417576466  -545.4558849616308  -50.29912886264174  -152.1105944572443  -61.9007845021642  0.0  29.799023402856577  -155.04840138553945  -0.5516786977590868  -82.28458904802197  9.30649645914513  -249.11202787837976  -171.2422476980845  -17.12519880316904  
-120.00407946266024  -8.625208451349263  -47.730383591678844  -159.6962348853869  -97.41807818550231  -24.024494874704338  -117.4872206957843  -83.44508107688726  -221.19444441405966  -127.6889573703455  -88.3643247195707  -604.7185948509101  -117.58175757862124  -575.2549083644874  -80.09815226549831  -181.90961786010087  -91.69980790502078  -29.799023402856577  0.0  -184.84742478839604  -30.350702100615663  -112.08361245087855  -20.492526943711447  -278.9110512812363  -201.04127110094106  -46.92422220602562  
64.84334532573578  176.22221633704677  137.1170411967172  25.15118990300911  87.42934660289372  160.8229299136917  67.36020409261172  101.40234371150876  -36.34701962566365  57.15846741805052  96.48310006882532  -419.871170062514  67.26566720977479  -390.4074835760913  104.74927252289771  2.937806928295146  93.14761688337525  155.04840138553945  184.84742478839604  0.0  154.49672268778036  72.76381233751748  164.3548978446846  -94.06362649284031  -16.19384631254505  137.9232025823704  
-89.65337736204458  21.7254936492664  -17.37968149106318  -129.34553278477125  -67.06737608488665  6.326207225911325  -87.13651859516864  -53.0943789762716  -190.843742313444  -97.33825526972984  -58.01362261895504  -574.3678927502945  -87.23105547800557  -544.9042062638716  -49.74745016488265  -151.55891575948522  -61.34910580440511  0.5516786977590868  30.350702100615663  -154.49672268778036  0.0  -81.73291035026288  9.858175156904217  -248.56034918062068  -170.6905690003254  -16.573520105409955  
-7.920467011781696  103.45840399952928  64.3532288591997  -47.61262243450837  14.665534265376237  88.0591175761742  -5.4036082449057545  28.638531373991285  -109.11083196318113  -15.605344919466958  23.719287731307844  -492.6349824000315  -5.4981451277426885  -463.1712959136088  31.985460185380234  -69.82600540922233  20.38380454585777  82.28458904802197  112.08361245087855  -72.76381233751748  81.73291035026288  0.0  91.5910855071671  -166.82743883035778  -88.95765865006253  65.15939024485293  
-99.5115525189488  11.867318492362184  -27.237856647967398  -139.20370794167548  -76.92555124179086  -3.5319679309928915  -96.99469375207286  -62.952554133175816  -200.70191747034823  -107.19643042663407  -67.87179777585925  -584.2260679071986  -97.0892306349098  -554.7623814207759  -59.60562532178687  -161.41709091638944  -71.20728096130932  -9.30649645914513  20.492526943711447  -164.3548978446846  -9.858175156904217  -91.5910855071671  0.0  -258.4185243375249  -180.54874415722963  -26.43169526231417  
158.9069718185761  270.2858428298871  231.18066768955748  119.21481639584943  181.49297309573404  254.886556406532  161.42383058545204  195.46597020434908  57.716606867176665  151.22209391089083  190.54672656166565  -325.8075435696737  161.3292937026151  -296.343857083251  198.81289901573803  97.00143342113546  187.21124337621558  249.11202787837976  278.9110512812363  94.06362649284031  248.56034918062068  166.82743883035778  258.4185243375249  0.0  77.86978018029527  231.98682907521072  
81.03719163828083  192.41606264959182  153.31088750926222  41.34503621555416  103.62319291543876  177.01677622623674  83.55405040515677  117.59619002405381  -20.1531733131186  73.35231373059557  112.67694638137037  -403.677323749969  83.45951352231984  -374.2136372635463  120.94311883544276  19.131653240840194  109.3414631959203  171.2422476980845  201.04127110094106  16.19384631254505  170.6905690003254  88.95765865006253  180.54874415722963  -77.86978018029527  0.0  154.11704889491546  
-73.07985725663463  38.29901375467635  -0.8061613856532261  -112.7720126793613  -50.49385597947669  22.89972733132128  -70.56299848975868  -36.520858870861645  -174.27022220803406  -80.76473516431989  -41.440102513545085  -557.7943726448844  -70.65753537259562  -528.3306861584617  -33.173930059472696  -134.98539565407526  -44.77558569899516  17.12519880316904  46.92422220602562  -137.9232025823704  16.573520105409955  -65.15939024485293  26.43169526231417  -231.98682907521072  -154.11704889491546  0.0  



slope_matrix
0.0  0.001383416606773208  0.0015354513675585595  -0.0014060274680384934  0.0007047114283044597  0.0011216499309098505  2.9941217783439703e-05  0.00047914807845049777  -0.0028241798758414575  -8.740761951416359e-05  0.0004262968841698941  -0.038530565611148634  2.932202592922259e-05  -0.03337616047667354  0.0020741126401851314  -0.0008355451261633235  0.0003056286746316755  0.001557138892798268  0.001664642522716885  -0.0008671214940590503  0.0011969743306013963  0.00026605532454758804  0.0015428147677356405  -0.004921244094722084  -0.00374305735049796  0.004355176236986569  
-0.0013880716726235166  0.0  -0.001009686938815636  -0.0021193729946835434  -0.0016839156027717247  -0.0002181202042968141  -0.0012032940449257768  -0.0005910409402443953  -0.0031773700835968136  -0.0012084009836496117  -0.0008740449004518408  -0.008755778296115757  -0.0009953096659109525  -0.008017966604119684  -0.0009389509171590784  -0.0014948620549409216  -0.0007709939624470673  -0.00025007458310508226  6.105434555817728e-05  -0.001459759910015298  -0.00037438382990291917  -0.001785273834783339  -9.493854793889747e-05  -0.004283384460307873  -0.0031120178335693324  -0.00039861588004450825  
-0.00153708413166698  0.0010125627949334433  0.0  -0.002128223746316443  -0.003130919634141365  0.00031352848455197074  -0.001056281603635758  -0.0003942889985119057  -0.003407268922066015  -0.0010790630739361223  -0.0006353023941196351  -0.015977860334458728  -0.0008533028828114145  -0.014086102130115047  -0.0008041681658091794  -0.0016248393590266653  -0.0005277175265643535  0.00024835678931886795  0.0004201211466467054  -0.0015917929091794427  0.00027569291705366723  -0.0017220558966871743  0.0003090294604942977  -0.004907252551253608  -0.005301206345410174  1.2824711830309038e-05  
0.0013946646318596862  0.002123543757243188  0.0021177577320542476  0.0  0.0015794612401695309  0.0021375727116855615  0.0004346068182619709  0.000779983160888908  -0.005758259319164116  0.00031059949068453575  0.0008170894635259588  -0.01797343941702436  0.0004134951134684897  -0.018314617605954184  0.001995939885152673  -0.00023247915201165845  0.0006213123810340474  0.0041713940745835044  0.002273579653835235  -0.00026133821594980373  0.002449725999711577  0.0020692143604740705  0.001586547845243623  -0.01453839224339627  -0.0015200380961600795  0.0028506575500344107  
-0.0007058125399111854  0.0016845545386862653  0.0031328937322713407  -0.0015703014800777762  0.0  0.000988585597052814  -0.00031456336223012525  0.0001790032937306565  -0.0029519762992739652  -0.00043411557700908065  0.0001677242213029197  -0.025569582493216118  -0.00028958321690534145  -0.021303469914355107  0.0006840413080570299  -0.001201016910797421  7.512178508252146e-05  0.0010398132367006878  0.0009881031553133888  -0.0011829163388295727  0.001054667737335262  -0.0005942274823896368  0.0010260844503373464  -0.004902565453693518  -0.007454905965139479  0.0010554735781663188  
-0.0011278447072615265  0.00021768852733043646  -0.00031352848455197074  -0.0021521532362100662  -0.0009934026787780073  0.0  -0.0006818065656150741  -0.0003973000060322071  -0.0034990230619228986  -0.000724870551885108  -0.000505613549951406  -0.007643729103280318  -0.000654654034356466  -0.00727600862578911  -0.0006250547028290489  -0.0010992412709331311  -0.00045297764426152723  -0.00014585826037262538  0.00019792795250209538  -0.0010926138820559117  -0.0004024304851088629  -0.001478742528567157  2.476488522642611e-05  -0.004646974592644157  -0.0024385834994659975  -0.00022860863862754596  
-2.9714979538086677e-05  0.001201832769313701  0.0010550035859665072  -0.00043313508660443935  0.0003118263286246425  0.0006803176991074455  0.0  0.0007490019718129162  -0.0010390464253909966  -0.0010495613862717289  0.0024912656951423095  -0.0063096526049614835  -4.5039010403494025e-06  -0.005735718427123206  0.0005691744318813516  -0.002114289371982822  0.0013615318263338714  0.0007132601048717075  0.0007972261701552847  -0.0018349279240700552  0.0006875706701215064  6.450529121291338e-05  0.0015054274988681184  -0.0017009887311428033  -0.0011654910085807891  0.0007481233936573227  
-0.00047965098905501153  0.000592773511531754  0.0003952489761532583  -0.000781582142358545  -0.00017856865314524022  0.0004016505647669201  -0.0007493317107395342  0.0  -0.0013559209313538838  -0.001039809078577162  -0.00012494903842223624  -0.006959500057062294  -0.0012704382769532555  -0.006346670288002479  5.508350440889632e-05  -0.006037065406696114  -0.00022584751923757903  0.00043023199488359775  0.000690827726441653  -0.009883269367593447  0.00038678511103052793  -0.00031919540992623004  0.0022531336482883254  -0.0020217619822338316  -0.0015060987451851154  0.0004694801243201137  
0.0028202442851560598  0.003158016311787233  0.0034458494402538897  0.005758259319164116  0.002968970166192309  0.0034518548588822716  0.0010411326545354419  0.0013545875577698362  0.0  0.000885972020501366  0.0014793420168670117  -0.012900240512507582  0.000985661023929209  -0.012449383401913773  0.003245831427388115  0.00039521560702567173  0.0011569251899315547  0.007780301667122077  0.0028127472585714607  0.00036313973909406086  0.004069162949113945  0.00502351896699729  0.0021182260419034113  -0.010161374448446597  0.0006787865716779589  0.0035413578989643172  
8.754702560589271e-05  0.0012092600946475344  0.0010805212672792793  -0.00031081061871277347  0.0004331217511066418  0.0007253777700501793  0.0010549882807198764  0.00104373381206554  -0.0008876541393935273  0.0  0.0024983883513834053  -0.005876920506105268  0.0006289483380039994  -0.00534343303479157  0.0006920285750304958  -0.0019364521603484062  0.002876830492831713  0.0007619672605860429  0.0008580093896676892  -0.001671300216902062  0.0007359558393610349  0.00017475190279358295  0.001636836622791786  -0.0015057462303185386  -0.0009499134127246253  0.0008433197782637558  
-0.00042675687541259157  0.0008730878820565141  0.0006342116611189614  -0.0008171830698340727  -0.00016704342188065695  0.000505732778746169  -0.0024493604689834816  0.00012381685483723735  -0.0014816521996038928  -0.0024873265433760154  0.0  -0.00769988473205099  -0.0013820923774385304  -0.006990532428498445  0.00014993964182971866  -0.0035978958900203914  -0.00014248112710166908  0.0005192880060003026  0.0006414367357692414  -0.002992651987246443  0.0004976677099703617  -0.00032222914999738956  0.001209189342167455  -0.002248604278518594  -0.0018312521758714509  0.00048810485881678543  
0.03865347012665469  0.008719914956108262  0.01595040696618646  0.018276072277844894  0.025492488274643607  0.007585814500015751  0.0063458110726116925  0.006953002011097929  0.012699475180028159  0.005855279703947031  0.007711383962534937  0.0  0.006247747047226995  0.010636709922896288  0.03132062343793503  0.005817324706468116  0.0059542570444044715  0.010786483516849034  0.0075409783498261666  0.005722576631946055  0.008718395457654743  0.026875885564649836  0.008717189912073988  0.012882860560287613  0.04249234986841779  0.01965448811292757  
-2.9623239095021553e-05  0.0009944920511799195  0.0008514306921860359  -0.00041524824794681207  0.0002878880552986711  0.000653967627123513  4.536318754171495e-06  0.0012770922746627  -0.0009872576163452924  -0.0006281665501382393  0.0013807860519400063  -0.006246144855395421  0.0  -0.005679736296672452  0.0005821339542339326  -0.005212954641935141  0.0019832911627280046  0.0006824967670328461  0.0008465818819110176  -0.0036281373899554902  0.000658790096578121  6.146612775564772e-05  0.0019153527448196844  -0.0016139385124311234  -0.0010787063916546445  0.0008159068749722358  
0.03340064775508636  0.007984073550981232  0.014056075799968253  0.018651646026889606  0.02122775789333563  0.007246357479818365  0.005766062321056847  0.006339307656354006  0.01253755183960438  0.005323096467580184  0.006998570988140242  -0.010636709922896288  0.005679736296672452  0.0  0.025576278724121333  0.005224333459568693  0.0054472806179955684  0.010624384202602859  0.007239462231339744  0.005138225129652035  0.008331868597306906  0.02440312412611216  0.008020274416954978  0.012702265627228933  0.03090120869228293  0.017927746391532464  
-0.0020687365058145116  0.0009348978916173845  0.0008102069755649429  -0.0020014604631603873  -0.0006734030295491445  0.0006188462354132433  -0.0005741564562390354  -5.5448531525139564e-05  -0.0031878963431667727  -0.0006910237419028197  -0.000149830930833286  -0.029858875502869194  -0.0005797928122679493  -0.024561347028719694  0.0  -0.0017580981798411771  -0.0001577169064644163  0.0007467210341841113  0.0009214097810364468  -0.0017826325713125664  0.0006223098594556249  -0.0009875103484217422  0.0011157923122760553  -0.0050524243714291745  -0.005527564846226817  0.0010491438981490417  
0.0008366743938024143  0.0014913883243717328  0.0016230704520191366  0.00023301566112151438  0.0011955786001782733  0.0010987822687948206  0.0021184609393066945  0.006081812031081755  -0.00039613220148993953  0.0019295608715215436  0.003579995910468051  -0.0058333767054926005  0.005179376834257621  -0.0052396436773772355  0.0017599216178842275  0.0  0.0037713131252123788  0.001244044740431045  0.0013982291918531965  -0.0004512760258517889  0.0011391895412653633  0.0008072370567540154  0.004179624311662078  -0.0010290728235551867  -0.0002595530218537538  0.0017277024914127128  
-0.00030582681315655824  0.0007694942520717999  0.0005265799318963106  -0.0006213691581866594  -7.490529578833552e-05  0.00045309895508410114  -0.0013347522148428326  0.0002229801952494196  -0.0011583740630560775  -0.0028072659489332863  0.00014248112710166908  -0.005969499499021285  -0.001978742329785968  -0.005462047898559433  0.00015775979928640824  -0.0037665891421745346  0.0  0.0004587962088805529  0.0006051594265493353  -0.003230926704244719  0.00044228003405934  -0.00021288568716300543  0.0011576537304716196  -0.001751602202247526  -0.0013068180135761957  0.0004559167671214251  
-0.001557945700514744  0.00024729987095897354  -0.00024849445937946604  -0.004131590696009235  -0.0010475453878024126  0.00014505221120703939  -0.0007159973650112495  -0.00043071559179798385  -0.007767671307272853  -0.0007623826632982004  -0.0005198872731177463  -0.010932108223009194  -0.0006841456953921336  -0.010632668322838806  -0.0007583164309157505  -0.0012441464936262937  -0.00045923870095826246  0.0  0.00035696003117940316  -0.0012610584817166143  -1.560177312667101e-05  -0.001845773643966397  7.920422518421387e-05  -0.008728522350328654  -0.0032586536193736347  -0.0002743543544243679  
-0.0016545440433291085  -6.104570320366664e-05  -0.00041817036465142975  -0.0022664807676041287  -0.0009828197676123355  -0.00019731024042956912  -0.0007946916984292769  -0.000695897598839857  -0.0028063238316932207  -0.0008541067382631806  -0.0006408320017374045  -0.007477570388036627  -0.0008512398289916834  -0.007167303028425853  -0.0009183461621818197  -0.0014041653250490226  -0.0006061594917042622  -0.00035687453177073744  0.0  -0.001488664128117871  -0.00025872220697822576  -0.0012442536433973706  -0.00022146900403881387  -0.0035453292396242066  -0.0023174519152625453  -0.0008254040845387092  
0.0008700301264690163  0.001460243754864491  0.001591423412218166  0.0002623468228122365  0.0011789286219376176  0.0010995612631780974  0.001836929481663805  0.010019994437896123  -0.0003637939728925108  0.0016649713783294647  0.0029787928394203558  -0.005734299860183745  0.003606738188191678  -0.005149747181492017  0.001772977311198147  0.0004512760258517889  0.0032879497664445906  0.0012604433862462663  0.0014824558889116692  0.0  0.001139431988021184  0.0008264764409481659  0.004948958080237416  -0.0009901330143139578  -0.0002137801493405287  0.0017819535217360517  
-0.0011964950935812702  0.00037509484891689226  -0.0002767905954939191  -0.002446482556927771  -0.0010518557752370046  0.0004024304851088629  -0.0006863250808923105  -0.00038540936096770204  -0.004108584333981572  -0.0007324668733753967  -0.0004952883747168131  -0.008728995330551588  -0.0006569048766709007  -0.008307732981611094  -0.0006254394036319166  -0.0011351792418563655  -0.0004404700268120211  1.5672690277246785e-05  0.00025942988375601047  -0.001134662074219346  0.0  -0.001655182469628653  7.535678915230253e-05  -0.005563123303057759  -0.002734549327143951  -0.00018415022339344394  
-0.00027069265248741274  0.0017902165388992972  0.001726213220472095  -0.0020647277725285504  0.000602280667982597  0.0014757686873835127  -6.484589277458003e-05  0.00031735609505647417  -0.005060799256177233  -0.00017483021419971946  0.00032266749736509107  -0.0269493972866538  -6.166605123085115e-05  -0.024262508953043938  0.0009989213049775214  -0.0008059326570778201  0.0002131082545306615  0.001842467287237393  0.0012626151834594468  -0.0008208821238198743  0.0016680185785767935  0.0  0.0010995328392216937  -0.010019665995817283  -0.00634053162152976  0.0014447758369146991  
-0.0015456904709373843  9.489299929923384e-05  -0.00030878422682198615  -0.0015879957556659307  -0.001021994835150669  -2.5005082697294808e-05  -0.0015103502608544513  -0.002264480364502727  -0.002114877950161731  -0.0016426054309934732  -0.0012174313502396278  -0.008709392783351201  -0.001920277504646159  -0.008007540147528521  -0.0011134994455779352  -0.004204665040802017  -0.001170787256844941  -7.92987087520887e-05  0.00021959415927680505  -0.004978942679330039  -7.549529144512343e-05  -0.0011031083404452258  0.0  -0.0028716360077511377  -0.002496180618792059  -0.000475561267763839  
0.0049396012377549295  0.004293590933104908  0.005027852711821607  0.014556143638076852  0.004953410837765667  0.004612496496679913  0.0017071048073757618  0.002022598795587267  0.01070809032786209  0.0015048471878882559  0.002248604278518594  -0.013201278102498935  0.0016184720475784019  -0.012669681790647756  0.005174724076411713  0.0010280912064645363  0.001751602202247526  0.008743840922372051  0.00355617813695316  0.0009897162960494977  0.005574351854241325  0.010007644800861295  0.0028809200037628194  0.0  0.003160299520304191  0.004910813485927408  
0.003864434508263273  0.003163177094354625  0.005597330686720052  0.0015089429275749694  0.008376975983463118  0.002450025276137863  0.0011949950000737525  0.001527024932139382  -0.0006771899634784475  0.0009670707149715961  0.0018748243990244654  -0.045820354568668446  0.001101775756070229  -0.032825757654697044  0.005893914173267191  0.0002631589166552984  0.0013295411380826884  0.0032395430892562336  0.002328726310374501  0.00021669806386384382  0.0027709058132226005  0.006113928429557562  0.0025343731633524656  -0.003133592763794578  0.0  0.004186825560850732  
-0.004337083516714221  0.0003974988454040099  -1.2814518926295123e-05  -0.002848497415492834  -0.0010543716011584192  0.00022781264754597374  -0.0007449640887854591  -0.00047708502770557343  -0.0035427977680023187  -0.0008379823113127193  -0.0004877601519955872  -0.019626825216216906  -0.0008118756218843574  -0.017879211037511396  -0.0010518050113973588  -0.001720216587919909  -0.0004544360671774603  0.0002751035952316312  0.0008309584240486208  -0.001766887043074179  0.00018445765281480196  -0.0014264314852200728  0.00047979116468168764  -0.004910813485927408  -0.004110884206319431  0.0  
