5

6350	3650

20	90

0	89170	12360	86820	7810	98141
88990	0	81870	166471	90330	11070
12240	81370	0	98540	10830	90341
86810	165931	98140	0	93470	178282
7750	89560	10580	93750	0	98531
98121	11040	91001	178691	99461	0	


0	 Liverpool                          0		0		32400		0

1	 Elland                             530		5124		25363		1060
2	 Kirkby                             330		902		19851		660
3	 Deganwy                            405		1320		20627		810
4	 Bootle                             406		1656		21883		812
5	 Cleckheaton                        568		3498		24276		1136