5

6350	3650

20	90

0	41150	25680	54200	95380	15910
40660	0	51980	32800	99870	42210
25010	51780	0	61520	74050	12890
54270	32750	61560	0	77030	51930
94930	100030	74070	76930	0	81260
15830	42600	12880	52340	81050	0	


0	 Kingston_upon_Hull                 0		0		32400		0

1	 Pocklington                        721		2171		22139		1442
2	 Brough                             814		644		21053		1628
3	 Selby                              620		1049		20424		1240
4	 Boughton                           311		5119		24241		622
5	 Barton_upon_Humber                 167		2338		21697		334
