5

6350	3650

20	90

0	90400	98250	10720	17140	35840
89970	0	21730	83530	75250	55780
98260	21480	0	91820	83360	64070
10690	83890	91740	0	14220	29330
16720	75500	83350	14240	0	20940
35940	56180	64030	29500	21220	0


0	 Wigan                              0		0		32400		0

1	 Sheffield                          627		833		20116		1254
2	 Bolton_upon_Dearne                 259		4089		24240		518
3	 Leigh                              137		4597		23553		274
4	 Farnworth                          689		2994		23894		1378
5	 Droylsden                          371		1857		20856		742
