5

6350	3650

20	90

0	57060	65480	37870	99800	81860
57380	0	8970	79910	121821	106680
65840	8930	0	88370	130281	115140
37430	79490	87910	0	83990	62490
100370	121950	130370	83690	0	22360
82000	106900	115320	61990	22540	0	


0	 Gosport                            0		0		32400		0

1	 Ringwood                           431		4418		25016		862
2	 Verwood                            236		4951		24704		472
3	 Chichester                         426		968		20617		852
4	 Windsor                            550		4175		24329		1100
5	 Knaphill                           687		2605		22098		1374
