5

6350	3650

20	90

0	55180	27930	59900	89770	94840
55140	0	67040	38590	108510	96980
27770	67040	0	55310	64690	70300
58640	38530	54680	0	82490	60290
89020	109080	64530	82730	0	44230
94340	96130	70130	59260	43960	0


0	 Caister-on-Sea                     0		0		32400		0

1	 Sheringham                         304		3291		21938		608
2	 Beccles                            524		1806		22666		1048
3	 East_Dereham                       258		693		19427		516
4	 Ipswich                            383		1687		21305		766
5	 Bury_Saint_Edmunds                 504		936		20805		1008