5

6350	3650

20	90

0	90760	45210	35710	96690	88820
90740	0	111120	87260	144890	36210
44960	110960	0	24450	40740	90520
35380	87480	24430	0	63160	69540	
97230	144870	40600	63060	0	112580
88710	36250	90440	69460	112420	0


0	 Swanage                            0		0		32400		0

1	 Street                             486		4764		24390		972
2	 Lymington                          682		2127		22316		1364
3	 Ringwood                           533		5270		25555		1066
4	 Waterlooville                      556		4941		24397		1112
5	 Frome                              257		2003		21618		514
