5

6350	3650

20	90

0	47930	50630	34410	94780	58520
47800	0	91070	13870	119640	71470
50530	90610	0	77880	137201	50830
34440	14050	78430	0	106350	64510
94980	119450	137660	106110	0	150352
58261	71380	50830	64280	152192	0	


0	 Crediton                           0		0		32400		0

1	 Paignton                           691		5380		24902		1382
2	 Bideford                           692		2409		23319		1384
3	 Newton_Abbot                       190		3055		21731		380
4	 Sherborne                          613		2353		22594		1226
5	 Launceston                         528		1013		20219		1056
