5

6350	3650

20	90

0	26190	39860	96640	87270	98710
26460	0	63240	115590	74120	117660
39760	63210	0	77220	115520	74350
96710	115630	76780	0	121751	8790	
87420	74750	115770	122080	0	127400
98670	117590	73830	9000	127041	0


0	 Mansfield_Woodhouse                0		0		32400		0

1	 Nottingham                         237		4785		25026		474
2	 Rawmarsh                           480		2423		22494		960
3	 Whitefield                         468		4390		24654		936
4	 Aldridge                           351		2833		22784		702
5	 Heywood                            769		4700		25682		1538
