5

6350	3650

20	90

0	72850	19190	41520	73340	62080
72860	0	54140	71550	116980	85780
19200	54510	0	46220	74980	56780
41220	71540	46420	0	108350	99330
73870	116790	75080	108681	0	41710
62240	85760	56400	99610	41610	0


0	 Raunds                             0		0		32400		0

1	 Mountsorrel                        426		1941		22475		852
2	 Kettering                          235		2097		21792		470
3	 Peterborough                       778		3535		25081		1556
4	 Aylesbury                          639		4421		24168		1278
5	 Brackley                           227		5365		24167		454
