5

6350	3650

20	90

0	53700	96700	71180	88300	47640
53600	0	139230	108610	138710	97900
96470	138800	0	134184	42930	50300
71480	109720	134724	0	109172	87260
88230	138760	43090	108542	0	41510
47800	98330	50620	87740	41450	0


0	 Amesbury                           0		0		32400		0

1	 Christchurch                       629		1876		21622		1258
2	 Chepstow                           114		2235		20495		228
3	 Reading                            475		5021		25750		950
4	 Stonehouse                         370		2607		22861		740
5	 Chippenham                         596		1785		22670		1192
