5

6350	3650

20	90

0	69040	31160	56090	94370	95130
68900	0	40170	17730	31620	36770
32240	40250	0	31690	65580	66340
56050	17810	31950	0	44490	45390
95500	32110	66760	45480	0	28190
95680	37020	66940	45660	28200	0


0	 Deganwy                            0		0		32400		0

1	 Blacon                             725		3745		24661		1450
2	 Prestatyn                          459		3518		23008		918
3	 Yr_Wyddgrug                        665		3801		24880		1330
4	 Widnes                             823		4971		25743		1646
5	 Crosby                             504		1542		22277		1008

