5

6350	3650

20	90

0	76470	53070	83690	35130	76280	
76830	0	95100	25790	55330	141190
52820	94180	0	113250	41870	110960
84280	25590	113430	0	73390	142470
35480	55050	42600	73340	0	108382
76460	141250	110940	142510	108482	0	


0	 Redditch                           0		0		32400		0

1	 Leicester                          575		1328		22020		1150
2	 Ryton                              675		4081		23656		1350
3	 Market_Harborough                  194		4781		24907		388
4	 Sutton_Coldfield                   438		2280		21780		876
5	 Stonehouse                         147		3928		22553		294
