5

6350	3650

20	90

0	46560	22420	90920	90280	66560	
46460	0	35540	131390	112660	71961
22390	35190	0	97550	78660	45700
91090	131610	97790	0	61000	94920
90470	113260	79250	60010	0	48411
66440	72571	45480	95130	48020	0


0	 Hurstpierpoint                     0		0		32400		0

1	 Royal_Tunbridge_Wells              228		1439		21820		456
2	 Crawley                            170		4836		24895		340
3	 Gosport                            448		3068		23931		896
4	 Basingstoke                        373		3817		22629		746
5	 Addlestone                         205		1728		21484		410