5

6350	3650

20	90

0	82690	79890	31900	86340	79180
82060	0	25200	88190	135450	9160
79680	24050	0	90450	112991	31050
32030	88360	90170	0	116610	81680
85910	134730	112331	116400	0	139150
78220	9380	31670	81910	138890	0


0	 Littlehampton                      0		0		32400		0

1	 Bracknell                          403		5235		25788		806
2	 Shepperton                         411		2615		22024		822
3	 Selsey                             596		2716		22657		1192
4	 Hastings                           582		873		21946		1164
5	 Crowthorne                         212		929		20615		424
