5

6350	3650

20	90

0	93860	28950	65150	71190	86630
93730	0	75612	149673	149571	9560
29210	75931	0	73750	98320	69200
64710	149461	73480	0	93560	143500
71300	149921	98110	92570	0	142081
86500	9570	68810	143582	141591	0	


0	 Walsall                            0		0		32400		0

1	 Desborough                         697		3936		23531		1394
2	 Solihull                           816		705		21191		1632
3	 Ludlow                             110		2105		22165		220
4	 Nantwich                           413		2172		22154		826
5	 Market_Harborough                  343		2175		22046		686
