5

6350	3650

20	90

0	43180	9330	86920	61410	41590
43090	0	42050	83640	54420	73580
9300	41950	0	79090	53580	50080
86421	83330	78561	0	31600	126942
61340	54320	53480	31810	0	98360
41950	72490	50510	127402	98750	0


0	 Ferryhill                          0		0		32400		0

1	 Redcar                             130		4000		22542		260
2	 Newton_Aycliffe                    433		3170		22380		866
3	 Knaresborough                      324		3440		23984		648
4	 Thirsk                             741		1411		21927		1482
5	 North_Shields                      821		3653		23932		1642
