5

6350	3650

20	90

0	95460	68580	52820	99100	48460
95140	0	36990	57790	42280	49400
68330	37310	0	24730	32120	21180
52960	58190	24680	0	52000	9600
98170	42400	31070	51360	0	51020
48170	49230	21150	9670	51670	0


0	 Saltcoats                          0		0		32400		0

1	 Livingston                         462		2324		21902		924
2	 Cumbernauld                        174		799		19475		348
3	 Milngavie                          281		3491		22664		562
4	 Alloa                              692		3248		23435		1384
5	 Glasgow                            132		2437		21322		264
