5

6350	3650

20	90

0	92810	52570	47560	33960	62500
92900	0	46070	54700	106340	106460
52870	45790	0	33190	72770	91870	
47530	54350	33040	0	52930	61520
34000	106220	72730	53090	0	37890	
62550	106210	91710	61490	37860	0


0	 Wootton_Bassett                    0		0		32400		0

1	 Aylesbury                          187		3451		23275		374
2	 Didcot                             806		1195		22042		1612
3	 Witney                             672		4165		23818		1344
4	 Chalford                           465		3633		23125		930
5	 Tewkesbury                         628		4174		24994		1256
