5

6350	3650

20	90

0	95250	84850	34850	81850	80870
95010	0	98700	78730	135100	162940
84690	98450	0	52830	166222	163440
34840	78660	53270	0	116430	115450
82050	134830	166890	116640	0	42520
80920	162330	163310	115510	42870	0	


0	 Banbury                            0		0		32400		0

1	 Oakham                             780		633		21809		1560
2	 Walsall                            420		4683		25435		840
3	 Leamington                         637		1013		20767		1274
4	 Chalfont_Saint_Peter               108		995		19563		216
5	 Reading                            315		4179		24323		630
