5

6350	3650

20	90

0	50300	23970	34340	48510	85720
51490	0	36040	19300	32750	115060
24480	35930	0	22300	31450	82740
34920	19290	22240	0	29620	102410
49170	33060	31410	29810	0	105290
86320	116690	83740	103200	105720	0


0	 Hamilton                           0		0		32400		0

1	 Port_Glasgow                       169		2015		21283		338
2	 Bishopbriggs                       508		3310		22406		1016
3	 Johnstone                          702		3917		23573		1404
4	 Alexandria                         406		2359		22212		812
5	 Glenrothes                         269		1393		20280		538
