Height_Data

node	height
0	8.53377146118144
1	11.778380747352157
2	6.255625975279289
3	11.298792507440256




height_matrix
0.0  -3.244609286170718  2.278145485902151  -2.7650210462588163  -0.9604265612276599  5.090219357762509  -4.2296324312265  -1.468499077665344  5.193547255529294  1.7016924846682713  5.092819934883587  
3.244609286170718  0.0  5.522754772072869  0.4795882399119016  2.284182724943058  8.334828643933227  -0.9850231450557825  1.776110208505374  8.438156541700012  4.946301770838989  8.337429221054304  
-2.278145485902151  -5.522754772072869  0.0  -5.043166532160967  -3.2385720471298107  2.8120738718603584  -6.507777917128651  -3.7466445635674948  2.9154017696271435  -0.5764530012338795  2.814674448981436  
2.7650210462588163  -0.4795882399119016  5.043166532160967  0.0  1.8045944850311564  7.855240404021325  -1.464611384967684  1.2965219685934724  7.958568301788111  4.466713530927088  7.857840981142403  
0.9604265612276599  -2.284182724943058  3.2385720471298107  -1.8045944850311564  0.0  6.050645918990169  -3.2692058699988404  -0.508072516437684  6.153973816756954  2.662119045895931  6.053246496111247  
-5.090219357762509  -8.334828643933227  -2.8120738718603584  -7.855240404021325  -6.050645918990169  0.0  -9.31985178898901  -6.558718435427853  0.10332789776678508  -3.388526873094238  0.0026005771210777517  
4.2296324312265  0.9850231450557825  6.507777917128651  1.464611384967684  3.2692058699988404  9.31985178898901  0.0  2.7611333535611564  9.423179686755795  5.931324915894772  9.322452366110088  
1.468499077665344  -1.776110208505374  3.7466445635674948  -1.2965219685934724  0.508072516437684  6.558718435427853  -2.7611333535611564  0.0  6.662046333194638  3.170191562333615  6.561319012548931  
-5.193547255529294  -8.438156541700012  -2.9154017696271435  -7.958568301788111  -6.153973816756954  -0.10332789776678508  -9.423179686755795  -6.662046333194638  0.0  -3.491854770861023  -0.10072732064570733  
-1.7016924846682713  -4.946301770838989  0.5764530012338795  -4.466713530927088  -2.662119045895931  3.388526873094238  -5.931324915894772  -3.170191562333615  3.491854770861023  0.0  3.3911274502153157  
-5.092819934883587  -8.337429221054304  -2.814674448981436  -7.857840981142403  -6.053246496111247  -0.0026005771210777517  -9.322452366110088  -6.561319012548931  0.10072732064570733  -3.3911274502153157  0.0  



slope_matrix
0.0  -4.242983243325118e-05  4.292718081594405e-05  -3.3038846292971876e-05  -2.7339213243030456e-05  6.673072047407589e-05  -6.679773264729154e-05  -4.802155257244421e-05  6.529478571195995e-05  2.701527995980745e-05  6.878471008756871e-05  
4.223102025472755e-05  0.0  5.807313114692817e-05  1.859589918231491e-05  4.128289761328498e-05  5.903271225960214e-05  -4.453088359203357e-05  3.520535596640979e-05  9.194896525770963e-05  6.378209891475163e-05  5.65249438715546e-05  
-4.3130357552104334e-05  -5.8640420174908356e-05  0.0  -4.4531271807160856e-05  -7.734826957558659e-05  2.5343131505590828e-05  -7.134156892269953e-05  -4.9265543242176134e-05  2.2781381772929785e-05  -1.776434518440307e-05  2.901128065328217e-05  
3.280755868840551e-05  -1.874123641703406e-05  4.4460605943409745e-05  0.0  2.458910594128841e-05  5.513610166365779e-05  -6.654299795400654e-05  2.4283985176877175e-05  0.00011004657496941524  4.433902651307413e-05  5.1469450325161483e-05  
2.706951976402649e-05  -4.149287420423357e-05  7.602281800774204e-05  -2.4605869716814242e-05  0.0  5.58270369525398e-05  -6.324638943700601e-05  -1.251410139009074e-05  6.365828592308998e-05  7.654166319424759e-05  6.105140187706755e-05  
-6.657362487264594e-05  -5.9007636417226386e-05  -2.5347700305213253e-05  -5.5120625949205846e-05  -5.5775574924781706e-05  0.0  -7.60866339210467e-05  -7.152364706028193e-05  1.0993499070835737e-06  -2.588242341196332e-05  6.592083957104567e-08  
6.669240667339168e-05  3.9944166466171226e-05  7.156122627148286e-05  5.7413225596537986e-05  6.354141632650808e-05  7.551942135150319e-05  0.0  8.451586634714283e-05  0.00012825887691242404  7.527062076008593e-05  7.185488181062192e-05  
4.712769825626906e-05  -3.519837908254804e-05  4.9272022140550954e-05  -2.4288534443489554e-05  1.2523355100756324e-05  7.179768402219872e-05  -8.364536060470029e-05  0.0  0.00011556021393225738  4.22129369152279e-05  6.752412280075055e-05  
-6.502500632940146e-05  -9.164935963614654e-05  -2.2881509497674048e-05  -0.00010997054444919319  -6.365828592308998e-05  -1.1025170483011639e-06  -0.00013450156561170133  -0.0001153401373475526  0.0  -2.6759148230244176e-05  -9.131295498658992e-07  
-2.6580638623371934e-05  -6.418766897014001e-05  1.7941269879672565e-05  -4.430384379019131e-05  -7.747727141722733e-05  2.5793764733913664e-05  -7.491884445995669e-05  -4.2382240138149934e-05  2.6829051961253175e-05  0.0  2.8460994126859553e-05  
-6.915833697560548e-05  -5.610652234895225e-05  -2.9029233178438905e-05  -5.103488329637204e-05  -6.119953994652965e-05  -6.567113942115535e-08  -7.054981357734288e-05  -6.771925908296967e-05  9.103237292879108e-07  -2.8692168967047262e-05  0.0  
