Height_Data

node	height
0	12.421673262765262
1	5.460474443715132
2	17.941899785660596
3	8.911097885961642
4	10.662106572283506
5	13.714726996615722



height_matrix
0.0  6.96119881905013  -5.520226522895333  3.5105753768036205  1.7595666904817566  -1.29305373385046  -6.569477392003842  -0.41471086538241586  2.9851668778061367  -3.9555367959068786  6.936916952471413  
-6.96119881905013  0.0  -12.481425341945464  -3.45062344224651  -5.201632128568374  -8.25425255290059  -13.530676211053972  -7.375909684432546  -3.9760319412439937  -10.916735614957009  -0.024281866578717448  
5.520226522895333  12.481425341945464  0.0  9.030801899698954  7.27979321337709  4.227172789044873  -1.0492508691085085  5.1055156575129175  8.50539340070147  1.5646897269884548  12.457143475366745  
-3.5105753768036205  3.45062344224651  -9.030801899698954  0.0  -1.751008686321864  -4.8036291106540805  -10.080052768807462  -3.9252862421860364  -0.5254084989974839  -7.466112172710499  3.4263415756677924  
-1.7595666904817566  5.201632128568374  -7.27979321337709  1.751008686321864  0.0  -3.0526204243322166  -8.329044082485598  -2.1742775558641725  1.22560018732438  -5.715103486388635  5.177350261989656  
1.29305373385046  8.25425255290059  -4.227172789044873  4.8036291106540805  3.0526204243322166  0.0  -5.276423658153382  0.8783428684680441  4.278220611656597  -2.6624830620564186  8.229970686321874  
6.569477392003842  13.530676211053972  1.0492508691085085  10.080052768807462  8.329044082485598  5.276423658153382  0.0  6.154766526621426  9.554644269809978  2.6139405960969633  13.506394344475254  
0.41471086538241586  7.375909684432546  -5.1055156575129175  3.9252862421860364  2.1742775558641725  -0.8783428684680441  -6.154766526621426  0.0  3.3998777431885525  -3.5408259305244627  7.351627817853829  
-2.9851668778061367  3.9760319412439937  -8.50539340070147  0.5254084989974839  -1.22560018732438  -4.278220611656597  -9.554644269809978  -3.3998777431885525  0.0  -6.940703673713015  3.9517500746652763  
3.9555367959068786  10.916735614957009  -1.5646897269884548  7.466112172710499  5.715103486388635  2.6624830620564186  -2.6139405960969633  3.5408259305244627  6.940703673713015  0.0  10.89245374837829  
-6.936916952471413  0.024281866578717448  -12.457143475366745  -3.4263415756677924  -5.177350261989656  -8.229970686321874  -13.506394344475254  -7.351627817853829  -3.9517500746652763  -10.89245374837829  0.0  



slope_matrix
0.0  0.00012615438236770806  -0.0001976450598960019  5.860726839405042e-05  1.9600832020516393e-05  -1.3634054553463306e-05  -0.00032749139541395024  -6.558767442391521e-06  3.0460886508225884e-05  -4.612870899016768e-05  6.948033806561912e-05  
-0.0001262458980603941  0.0  -0.00018617877896696694  -8.941755486515963e-05  -4.793689179401321e-05  -8.511293620231585e-05  -0.00018064988265759644  -0.00010177880066831167  -4.6645142435992415e-05  -0.0001116458950189917  -3.8585518161000235e-07  
0.00019878381429223383  0.00018617877896696694  0.0  0.0001632761146212069  0.00011253351697908625  6.013048064075211e-05  -6.683126554831264e-05  0.00013195956726577715  0.00010152057055026821  2.5562648701004e-05  0.00013078365853403406  
-5.9866565088738415e-05  8.955679839726213e-05  -0.00016515731345462608  0.0  -2.1226920673073874e-05  -7.967538747145597e-05  -0.00014613007783136363  -9.216450439507012e-05  -1.0826468143364597e-05  -0.0001124753264945842  8.280187471405975e-05  
-1.9765970461489067e-05  4.768639648485858e-05  -0.00011281254011122098  2.11653413069245e-05  0.0  -6.901696641040507e-05  -0.000119173616862006  -5.301822862385205e-05  1.799442354021994e-05  -0.00027072967723300025  5.004688508448194e-05  
1.3706314753555861e-05  8.586552119942359e-05  -6.0276241110008176e-05  8.106022798943774e-05  6.944086497571012e-05  0.0  -6.288194086704066e-05  2.5203525637533546e-05  0.00016524606456765534  -0.00011329715157686888  0.00012755689222445558  
0.00032781823313392423  0.00018072226807872274  6.666142751642366e-05  0.000144786738994649  0.00011747593910416923  6.27473380681815e-05  0.0  0.00011727832558348754  9.792604560633369e-05  3.485254128129284e-05  0.00012327851720039478  
6.675963705447776e-06  0.0001014707619264348  -0.0001346746414537831  9.27305986814561e-05  5.379212161959853e-05  -2.5102682722722036e-05  -0.00011907073953610806  0.0  7.371807769272664e-05  -0.0001223928769624771  0.00010116454957828304  
-3.045777857163694e-05  4.667251955915006e-05  -0.00010171482182135219  1.0824237721414995e-05  -1.8114102679934674e-05  -0.00016029301654764318  -9.809696375574927e-05  -7.384617165917794e-05  0.0  -0.0001471111418760707  8.6813490216724e-05  
4.6661988862886384e-05  0.0001118632607332412  -2.5837016627946744e-05  0.0001129346872290198  0.00027163039383976405  0.00011515930199205963  -3.5161966587260736e-05  0.00012273226795578727  0.00014748626590975383  0.0  0.00013148785307071813  
-7.018329575547767e-05  3.8690035976286565e-07  -0.00013130751001756873  -8.296226575466809e-05  -5.03731296165563e-05  -0.00012632341805559285  -0.00012370758696167113  -0.0001017104014644968  -8.683256591222317e-05  -0.0001314719824789172  0.0  
