Height_Data

node	height
0	5.410954284122875
1	2.704405513179681
2	6.534913972866213
3	6.384983864781237
4	2.9049277707522125
5	3.033747963675061
6	3.567807506716797
7	4.411878858098442
8	3.1130365922980765
9	2.4240965369410774
10	7.200689787208684



height_matrix
0.0  2.706548770943194  -1.123959688743338  -0.9740295806583621  2.5060265133706623  2.3772063204478138  1.8431467774060777  0.999075426024433  2.2979176918247983  2.9868577471817974  -1.7897355030858089  
-2.706548770943194  0.0  -3.830508459686532  -3.680578351601556  -0.20052225757253161  -0.32934245049538013  -0.8634019935371162  -1.707473344918761  -0.4086310791183956  0.2803089762386035  -4.496284274029003  
1.123959688743338  3.830508459686532  0.0  0.14993010808497598  3.6299862021140004  3.501166009191152  2.9671064661494158  2.123035114767771  3.4218773805681364  4.110817435925135  -0.6657758143424708  
0.9740295806583621  3.680578351601556  -0.14993010808497598  0.0  3.4800560940290244  3.351235901106176  2.81717635806444  1.973105006682795  3.2719472724831604  3.9608873278401595  -0.8157059224274468  
-2.5060265133706623  0.20052225757253161  -3.6299862021140004  -3.4800560940290244  0.0  -0.12882019292284852  -0.6628797359645846  -1.5069510873462293  -0.20810882154586396  0.48083123381113513  -4.295762016456472  
-2.3772063204478138  0.32934245049538013  -3.501166009191152  -3.351235901106176  0.12882019292284852  0.0  -0.5340595430417361  -1.3781308944233808  -0.07928862862301544  0.6096514267339836  -4.166941823533623  
-1.8431467774060777  0.8634019935371162  -2.9671064661494158  -2.81717635806444  0.6628797359645846  0.5340595430417361  0.0  -0.8440713513816447  0.45477091441872064  1.1437109697757197  -3.6328822804918866  
-0.999075426024433  1.707473344918761  -2.123035114767771  -1.973105006682795  1.5069510873462293  1.3781308944233808  0.8440713513816447  0.0  1.2988422658003653  1.9877823211573644  -2.788810929110242  
-2.2979176918247983  0.4086310791183956  -3.4218773805681364  -3.2719472724831604  0.20810882154586396  0.07928862862301544  -0.45477091441872064  -1.2988422658003653  0.0  0.6889400553569991  -4.087653194910607  
-2.9868577471817974  -0.2803089762386035  -4.110817435925135  -3.9608873278401595  -0.48083123381113513  -0.6096514267339836  -1.1437109697757197  -1.9877823211573644  -0.6889400553569991  0.0  -4.776593250267606  
1.7897355030858089  4.496284274029003  0.6657758143424708  0.8157059224274468  4.295762016456472  4.166941823533623  3.6328822804918866  2.788810929110242  4.087653194910607  4.776593250267606  0.0  



slope_matrix
0.0  2.8415210193629332e-05  -1.3246431216774756e-05  -2.7949198871115125e-05  3.0617306211003814e-05  2.9395403987236475e-05  2.0897355752903376e-05  1.585834009562592e-05  3.368886808129011e-05  3.145716426731751e-05  -2.376491173928839e-05  
-2.848698843219865e-05  0.0  -3.880960952063356e-05  -4.6749375734809554e-05  -1.4842506111956447e-06  -2.0212498496095504e-06  -5.434644637358319e-06  -1.1563546965452803e-05  -7.822187578836057e-06  1.506308647636109e-06  -6.023960710113884e-05  
1.3271456945841752e-05  3.8908161093819525e-05  0.0  2.8379728957973873e-06  2.1838181480874975e-05  2.1421720565290944e-05  3.7563064516387085e-05  2.2638222185386923e-05  2.9448170228641448e-05  2.7866170254373205e-05  -2.7152357844309577e-05  
2.7957221029229682e-05  4.6790978281230056e-05  -2.814531783085714e-06  0.0  2.9889685596745033e-05  2.9027595505467094e-05  3.581004649884886e-05  2.8082906442966056e-05  4.428132727680553e-05  3.5239211101780776e-05  -1.914802634806213e-05  
-3.054267536100746e-05  1.4872228552438747e-06  -2.1750771179303735e-05  -2.9835871862388754e-05  0.0  -3.029637651054763e-06  -4.2429462524376375e-06  -1.2402787527232116e-05  -2.3089850387869076e-06  4.064095221204401e-06  -2.7894558548418648e-05  
-2.9377240737120783e-05  2.0288452565476506e-06  -2.1438772942202878e-05  -2.901251754052615e-05  3.004903030623945e-06  0.0  -3.806228569486117e-06  -1.3012037299110401e-05  -6.618416412605629e-07  7.883763438949744e-06  -2.6716303286103886e-05  
-2.0873689438347427e-05  5.486097302942663e-06  -3.7610678997964456e-05  -3.576004516456512e-05  4.236709058261066e-06  3.822848227238952e-06  0.0  -2.0820704276804258e-05  2.9866087503692167e-06  1.307247650903783e-05  -4.0333987792737724e-05  
-1.588102727745085e-05  1.1559632691887895e-05  -2.2501697029865088e-05  -2.8163074602951686e-05  1.2401766814084562e-05  1.3102345405329627e-05  2.0908381257905492e-05  0.0  1.005295871362512e-05  3.402571587054715e-05  -2.8014173069917047e-05  
-3.3802849247202095e-05  7.899305608320038e-06  -2.9531274590009204e-05  -4.43954853796901e-05  2.3128342025546116e-06  6.617311686113791e-07  -2.990340047466601e-06  -1.0049847305790509e-05  0.0  4.294869742266686e-06  -4.366217896721435e-05  
-3.148037254618252e-05  -1.504207009598087e-06  -2.794383411002063e-05  -3.51485254045626e-05  -4.093574270484719e-06  -7.852285249020912e-06  -1.3115951488253667e-05  -3.396176868541542e-05  -4.363970706004935e-06  0.0  -3.160167548969637e-05  
2.3733397468317317e-05  6.028807018006172e-05  2.6921787882833433e-05  1.9188565571099665e-05  2.7896370001016115e-05  2.670774146605322e-05  4.0419251006807814e-05  2.8121517889585983e-05  4.3402560999263186e-05  3.1651933273259596e-05  0.0  
