Height_Data

node	height
0	51.54150663774047
1	16.3998191664731
2	6.6570752484761115
3	62.380960841309985
4	3.741847826703103
5	93.59736904315255
6	6.412083063041532
7	109.72648919477221
8	99.45233123618813
9	4.515438690186657
10	77.90856759583198



height_matrix
0.0  210.8501248276042  269.3065883355861  -65.0367252214171  286.7979528662242  -252.33517443247257  270.7765414481936  -349.10989534219044  -287.464947590686  282.15640768532285  -158.20236574854908  
-210.8501248276042  0.0  58.45646350798194  -275.8868500490213  75.94782803861999  -463.18529926007676  59.926416620589414  -559.9600201697947  -498.3150724182902  71.30628285771866  -369.0524905761533  
-269.3065883355861  -58.45646350798194  0.0  -334.3433135570032  17.49136453063805  -521.6417627680587  1.4699531126074774  -618.4164836777766  -556.7715359262721  12.849819349736727  -427.5089540841352  
65.0367252214171  275.8868500490213  334.3433135570032  0.0  351.8346780876413  -187.29844921105547  335.8132666696107  -284.07317012077334  -222.4282223692689  347.19313290673995  -93.16564052713198  
-286.7979528662242  -75.94782803861999  -17.49136453063805  -351.8346780876413  0.0  -539.1331272986968  -16.021411418030574  -635.9078482084146  -574.2629004569102  -4.641545180901325  -445.0003186147733  
252.33517443247257  463.18529926007676  521.6417627680587  187.29844921105547  539.1331272986968  0.0  523.1117158806662  -96.77472090971787  -35.129773158213425  534.4915821177955  94.13280868392349  
-270.7765414481936  -59.926416620589414  -1.4699531126074774  -335.8132666696107  16.021411418030574  -523.1117158806662  0.0  -619.8864367903841  -558.2414890388796  11.37986623712925  -428.9789071967427  
349.10989534219044  559.9600201697947  618.4164836777766  284.07317012077334  635.9078482084146  96.77472090971787  619.8864367903841  0.0  61.644947751504446  631.2663030275133  190.90752959364136  
287.464947590686  498.3150724182902  556.7715359262721  222.4282223692689  574.2629004569102  35.129773158213425  558.2414890388796  -61.644947751504446  0.0  569.6213552760089  129.2625818421369  
-282.15640768532285  -71.30628285771866  -12.849819349736727  -347.19313290673995  4.641545180901325  -534.4915821177955  -11.37986623712925  -631.2663030275133  -569.6213552760089  0.0  -440.35877343387193  
158.20236574854908  369.0524905761533  427.5089540841352  93.16564052713198  445.0003186147733  -94.13280868392349  428.9789071967427  -190.90752959364136  -129.2625818421369  440.35877343387193  0.0  



slope_matrix
0.0  0.008050787507735937  0.006756311799688563  -0.0006729793586653259  0.0032863292410476017  -0.0025563283804323025  0.004506858099036194  -0.04078386627829328  -0.0030692392439748664  0.003037532648135675  -0.01176225767647205  
-0.007968636614799856  0.0  0.0009243590055025607  -0.0023867709148630615  0.0010246603890801402  -0.003936642013089213  0.00168285359788232  -0.024656980192417202  -0.004425140506334164  0.0007287305350814375  -0.016279333505785323  
-0.006773304535603273  -0.0009247977140955852  0.0  -0.004329750240313432  0.00015141416664333493  -0.007016029089012222  1.5614377504036257e-05  -0.014465882659129277  -0.008033062125613506  0.00013875196360799835  -0.009424800575047073  
0.0006724922471452497  0.0023859452568452937  0.004354562562607492  0.0  0.0028897888155961044  -0.021308128465421555  0.0026094744476619063  -0.002942543713701816  -0.02533351052041787  0.006518712245484312  -0.000970879955472405  
-0.0032806903782455297  -0.0010160244553661538  -0.00015108719470189214  -0.002882000967297193  0.0  -0.004231814186018028  -0.00034588539330808666  -0.008006898113931184  -0.004698984538555848  -6.226083408318344e-05  -0.005896386890350779  
0.0025573646947651017  0.003938985451654705  0.007065444436788009  0.020810938801228387  0.004243772697780219  0.0  0.003933762339304153  -0.0009824844762407906  -0.005914103225288455  0.009092931085177107  0.0009613236180956239  
-0.00445788744749335  -0.0016981132507959595  -1.5654286031112315e-05  -0.002616794721963771  0.00034499163260186423  -0.003940874761794984  0.0  -0.011519911480958635  -0.004384898979175867  0.00012477786687787687  -0.008357274638549439  
0.04049998785872279  0.02499821518615155  0.014479430664429327  0.002950183509406723  0.008008914964841494  0.0009838828884680547  0.011479378459081186  0.0  0.0006606467447380179  0.007301252637375819  0.03421281892359164  
0.003069894784180756  0.004427106187085023  0.008084384142968958  0.025275934360144192  0.004720964974448666  0.0061308504639115925  0.004378364619912782  -0.0006595158633947197  0.0  0.01045541299308032  0.0013915661733462903  
-0.0030032613910092906  -0.0007326991662322098  -0.00013878193487133306  -0.0064991882013953305  6.271426113552478e-05  -0.009083659049264892  -0.00012505210093437708  -0.007221074159546023  -0.010423080608893118  0.0  -0.005191685609925394  
0.011188286120830912  0.01634422013180484  0.009570381779362777  0.0009723999637525517  0.005896386890350779  -0.0009617164761332599  0.008341024833691283  -0.03074195323569104  -0.0013924656020913165  0.00525738745742445  0.0  
