Height_Data

node	height
0	8.980998329379563
1	67.15032955888472
2	14.059196651249762
3	69.07282819911104
4	11.675384359187193
5	39.297033990732494
6	9.807679874147022
7	5.800626765483642
8	4.742147957027554
9	6.354290700797115
10	37.76868392167776
11	11.90162341233064
12	33.50705051631404
13	9.86970614216907
14	34.377126753351234
15	39.37612461264612



height_matrix
0.0  -1163.386624590103  -101.56396643740396  -1201.8365973946295  -53.887720596152604  -606.3207132270586  -16.533630895349177  63.60743127791841  84.77700744704016  52.534152571648946  -575.7537118459641  -58.41250165902153  -490.52104373868957  -17.77415625579016  -507.92256847943344  -607.9025256653313  
1163.386624590103  0.0  1061.8226581526992  -38.449972804526396  1109.4989039939505  557.0659113630445  1146.8529936947539  1226.9940558680216  1248.1636320371433  1215.920777161752  587.6329127441392  1104.9741229310816  672.8655808514136  1145.612468334313  655.4640561106697  555.484098924772  
101.56396643740396  -1061.8226581526992  0.0  -1100.2726309572256  47.67624584125136  -504.7567467896547  85.03033554205479  165.17139771532237  186.3409738844441  154.0981190090529  -474.18974540856004  43.15146477838243  -388.9570773012856  83.7898101816138  -406.3586020420295  -506.33855922792725  
1201.8365973946295  38.449972804526396  1100.2726309572256  0.0  1147.948876798477  595.5158841675709  1185.3029664992805  1265.444028672548  1286.6136048416697  1254.3707499662785  626.0828855486656  1143.424095735608  711.31555365594  1184.0624411388394  693.9140289151961  593.9340717292984  
53.887720596152604  -1109.4989039939505  -47.67624584125136  -1147.948876798477  0.0  -552.432992630906  37.35408970080343  117.49515187407101  138.66472804319278  106.42187316780155  -521.8659912498114  -4.524781062868925  -436.63332314253694  36.113564340362444  -454.0348478832808  -554.0148050691786  
606.3207132270586  -557.0659113630445  504.7567467896547  -595.5158841675709  552.432992630906  0.0  589.7870823317095  669.9281445049771  691.0977206740988  658.8548657987076  30.567001381094656  547.9082115680371  115.79966948836909  588.5465569712685  98.39814474762522  -1.58181243827255  
16.533630895349177  -1146.8529936947539  -85.03033554205479  -1185.3029664992805  -37.35408970080343  -589.7870823317095  0.0  80.14106217326758  101.31063834238934  69.06778346699812  -559.2200809506148  -41.87887076367235  -473.9874128433404  -1.2405253604409836  -491.38893758408426  -591.368894769982  
-63.60743127791841  -1226.9940558680216  -165.17139771532237  -1265.444028672548  -117.49515187407101  -669.9281445049771  -80.14106217326758  0.0  21.169576169121754  -11.073278706269463  -639.3611431238824  -122.01993293693994  -554.128475016608  -81.38158753370857  -571.5299997573518  -671.5099569432496  
-84.77700744704016  -1248.1636320371433  -186.3409738844441  -1286.6136048416697  -138.66472804319278  -691.0977206740988  -101.31063834238934  -21.169576169121754  0.0  -32.24285487539122  -660.5307192930042  -143.18950910606168  -575.2980511857297  -102.55116370283032  -592.6995759264736  -692.6795331123714  
-52.534152571648946  -1215.920777161752  -154.0981190090529  -1254.3707499662785  -106.42187316780155  -658.8548657987076  -69.06778346699812  11.073278706269463  32.24285487539122  0.0  -628.2878644176129  -110.94665423067048  -543.0551963103385  -70.3083088274391  -560.4567210510824  -660.4366782369801  
575.7537118459641  -587.6329127441392  474.18974540856004  -626.0828855486656  521.8659912498114  -30.567001381094656  559.2200809506148  639.3611431238824  660.5307192930042  628.2878644176129  0.0  517.3412101869425  85.23266810727443  557.9795555901738  67.83114336653057  -32.148813819367206  
58.41250165902153  -1104.9741229310816  -43.15146477838243  -1143.424095735608  4.524781062868925  -547.9082115680371  41.87887076367235  122.01993293693994  143.18950910606168  110.94665423067048  -517.3412101869425  0.0  -432.10854207966804  40.63834540323137  -449.5100668204119  -549.4900240063097  
490.52104373868957  -672.8655808514136  388.9570773012856  -711.31555365594  436.63332314253694  -115.79966948836909  473.9874128433404  554.128475016608  575.2980511857297  543.0551963103385  -85.23266810727443  432.10854207966804  0.0  472.7468874828994  -17.401524740743866  -117.38148192664164  
17.77415625579016  -1145.612468334313  -83.7898101816138  -1184.0624411388394  -36.113564340362444  -588.5465569712685  1.2405253604409836  81.38158753370857  102.55116370283032  70.3083088274391  -557.9795555901738  -40.63834540323137  -472.7468874828994  0.0  -490.1484122236433  -590.128369409541  
507.92256847943344  -655.4640561106697  406.3586020420295  -693.9140289151961  454.0348478832808  -98.39814474762522  491.38893758408426  571.5299997573518  592.6995759264736  560.4567210510824  -67.83114336653057  449.5100668204119  17.401524740743866  490.1484122236433  0.0  -99.97995718589777  
607.9025256653313  -555.484098924772  506.33855922792725  -593.9340717292984  554.0148050691786  1.58181243827255  591.368894769982  671.5099569432496  692.6795331123714  660.4366782369801  32.148813819367206  549.4900240063097  117.38148192664164  590.128369409541  99.97995718589777  0.0  



slope_matrix
0.0  -0.012792903283374787  -0.0015397811770376587  -0.013054785385718486  -0.0007909543607243887  -0.013047572912138124  -0.00018378869381224073  0.0007175119151485439  0.0010403363289611014  0.0006004589389833003  -0.007088816939743463  -0.0015589138419808254  -0.0061538206465774625  -0.00043005459123615197  -0.0056840036759112965  -0.011129669089442169  
0.012781659246210757  0.0  0.0068350348126984175  -0.005556354451521156  0.01693891456479314  0.011683429349057141  0.014068363514410622  0.024559528740352714  0.00803918351176828  0.01184992473600772  0.0034443052150761335  0.008740500893300756  0.05252658710783869  0.00898942614826046  0.003649983606808496  0.013981477445878982  
0.0015428219115510248  -0.006758896614593884  0.0  -0.006954023997808291  0.00040311019473287076  -0.004583697301032099  0.000638126345531368  0.001126988248603455  0.0026032547343454054  0.001308577776911115  -0.02143714943076673  0.0013955842425091344  -0.0026664638191628547  0.002284968916869752  -0.01342890290951849  -0.004281208753089771  
0.01304359233117679  0.005906293825580091  0.007031844001771749  0.0  0.01839661661536021  0.012427293075283199  0.015284370941318898  0.022589147245136523  0.008212252536169463  0.012605474323849649  0.003645739739991065  0.008965219505532446  0.047803464627415325  0.009256272992017194  0.003840144044909774  0.014859496415544116  
0.0007917678606546078  -0.016808042781305113  -0.00040249762214967675  -0.018485489159395765  0.0  -0.012504141978970259  0.001512923843693942  0.0011958794083874913  0.0009417599024938385  0.00265192806299032  -0.0037552150538588003  -4.55475132659794e-05  -0.007799809273714486  0.00043125308200717025  -0.0030863419314890173  -0.01258552487662832  
0.012991658736384372  -0.011649224411606953  0.004565455379790654  -0.012494825626142358  0.012529666423926196  0.0  0.008697641680160883  0.011412745221549865  0.0059459495885236064  0.008432802582858154  0.00024294230949844744  0.0066761083412701  0.003164790092603692  0.007083241749563949  0.0007345337768559662  -0.00018057219614983449  
0.00018200826613110058  -0.013999670333187914  -0.0006357408264826526  -0.01538155938877862  -0.0015397398887388057  -0.008737586404914215  0.0  0.0006790464512223995  0.0005973434177803878  0.002104441909414934  -0.0036249438059934845  -0.00035962963300706184  -0.006257259575489642  -1.2525498388943696e-05  -0.003024304145643059  -0.008781836869171103  
-0.000714208750032769  -0.0246880091723948  -0.001128682504546415  -0.022528823725699625  -0.0012040905090599612  -0.011424422655269051  -0.0006815295703143769  0.0  0.00015149260175412733  -8.305789608662964e-05  -0.003955218949111551  -0.0010496338317156123  -0.011297216616036861  -0.0006285263170660223  -0.0033660992977051166  -0.012134260154377477  
-0.001042126704942104  -0.00803090742528081  -0.0025992603415322096  -0.008198124154719445  -0.0009414402066887962  -0.005937775759722474  -0.0005961798964438298  -0.0001513626209718415  0.0  -0.0002030790128827311  -0.013048809152370687  -0.0026496948391203125  -0.003989860955584504  -0.0012550625835617466  -0.010414682409532132  -0.005582973588396642  
-0.0005982707273846822  -0.01189048285900403  -0.0013066914187149403  -0.012754150991014524  -0.0026335529118485905  -0.008367473530590648  -0.002113457266432011  8.280944291257451e-05  0.00020264505609572759  0.0  -0.004589057515284588  -0.0010505317131963873  -0.005888053738591982  -0.0008207834324940358  -0.003915991622771677  0.0  
0.0071028091764861094  -0.0033822545915974398  0.02159333995485246  -0.003580460397393733  0.0037608981720354522  -0.0002438532220270814  0.003633422655776849  0.003951796422052552  0.013131823445188949  0.004604528137908486  0.0  0.01120999372019377  0.0005244764513400679  0.009587277587460032  0.007553579439480019  -0.00024081508478926745  
0.001566438768008086  -0.008766157262444122  -0.0014069600514633985  -0.008991233030609242  4.573627403538719e-05  -0.006716207545575351  0.0003615546124809838  0.001047291502334048  0.002634096929839251  0.001054625990785841  -0.011263688442998965  0.0  -0.003763356053646299  0.001417946455102281  -0.008313483758468873  -0.006123816159660199  
0.006153048717243974  -0.05281519472931033  0.002705223795390775  -0.04770728059395976  0.007846061511995272  -0.003169988214847224  0.006264702786721391  0.011267354107698415  0.003996235420851138  0.0058893308351625475  -0.000535919693833466  0.0037535488366892637  0.0  0.004070491540235056  -0.00010357433926994742  -0.004107119731513003  
0.0004296387782400329  -0.008988720818629368  -0.002279994834873845  -0.009360917393776895  -0.0004329073535484164  -0.007092631440964913  1.2628783064654215e-05  0.0006306205930546964  0.0012572166691532465  0.0008224155904484631  -0.009546271267582103  -0.001417946455102281  -0.004067689618679224  0.0  -0.007360690977979326  -0.006519314730551713  
0.0056916468901774256  -0.0036000662168982796  0.01350477241748187  -0.003787926420594877  0.0030899126035843012  -0.0007368991593471522  0.0030302721853976583  0.0033625345634956273  0.010438527226602212  0.003929444864692437  -0.007520082413140861  0.008273699002768488  0.00010185860887815422  0.0073895433774105726  0.0  -0.0007049281335817371  
0.011145994236621402  -0.013932382716949384  0.00427542480138417  -0.014956411868985883  0.012489062332488246  0.00017575693758583889  0.008686382120593156  0.012014849829007865  0.005592890860818501  0.008370553589822308  0.00024047283880146013  0.00610951772299655  0.004098515430399499  0.006521476068179258  0.0007008268413423368  0.0  
