Height_Data

node	height
0	7.667514056524416
1	4.242766811471542
2	61.96274668467159
3	3.770039495904304
4	103.7855262351842
5	12.861648350924193
6	3.804487836329693
7	12.087838258081252
8	66.82574542962251
9	5.90691738033499
10	53.41151803951453
11	96.69784740093625
12	10.238726662822149
13	5.381641435775667
14	6.7269533390789835
15	11.73798479473021



height_matrix
0.0  20.54848347031724  -325.77139576888305  23.384847363720667  -576.7080730719587  -31.164805766398672  23.178157321168335  -26.521945209341027  -354.9493882385886  10.563580057136548  -274.4640238979407  -534.182000066471  -15.427275637786401  13.715235724492487  5.643364304672588  -24.422824429234765  
-20.54848347031724  0.0  -346.3198792392003  2.8363638934034263  -597.2565565422759  -51.71328923671591  2.629673850851095  -47.070428679658264  -375.49787170890585  -9.984903413180692  -295.01250736825796  -554.7304835367883  -35.975759108103645  -6.833247745824753  -14.905119165644653  -44.971307899552  
325.77139576888305  346.3198792392003  0.0  349.1562431326037  -250.9366773030756  294.6065900024844  348.9495530900514  299.249450559542  -29.177992469705543  336.3349758260196  51.30737187094235  -208.41060429758795  310.34412013109664  339.4866314933755  331.4147600735556  301.3485713396483  
-23.384847363720667  -2.8363638934034263  -349.1562431326037  0.0  -600.0929204356794  -54.54965313011934  -0.20669004255233148  -49.90679257306169  -378.33423560230926  -12.821267306584119  -297.8488712616614  -557.5668474301917  -38.81212300150707  -9.66961163922818  -17.74148305904808  -47.80767179295543  
576.7080730719587  597.2565565422759  250.9366773030756  600.0929204356794  0.0  545.54326730556  599.886230393127  550.1861278626177  221.75868483337007  587.2716531290952  302.24404917401796  42.52607300548766  561.2807974341723  590.4233087964511  582.3514373766312  552.2852486427239  
31.164805766398672  51.71328923671591  -294.6065900024844  54.54965313011934  -545.54326730556  0.0  54.34296308756701  4.642860557057645  -323.7845824721899  41.72838582353522  -243.29921813154203  -503.01719430007233  15.73753012861227  44.88004149089116  36.80817007107126  6.741981337163907  
-23.178157321168335  -2.629673850851095  -348.9495530900514  0.20669004255233148  -599.886230393127  -54.34296308756701  0.0  -49.70010253050936  -378.1275455597569  -12.614577264031787  -297.64218121910903  -557.3601573876393  -38.60543295895474  -9.462921596675848  -17.534793016495748  -47.6009817504031  
26.521945209341027  47.070428679658264  -299.249450559542  49.90679257306169  -550.1861278626177  -4.642860557057645  49.70010253050936  0.0  -328.42744302924757  37.085525266477575  -247.94207868859968  -507.66005485713  11.094669571554626  40.237180933833514  32.165309514013614  2.0991207801062615  
354.9493882385886  375.49787170890585  29.177992469705543  378.33423560230926  -221.75868483337007  323.7845824721899  378.1275455597569  328.42744302924757  0.0  365.51296829572516  80.48536434064789  -179.2326118278824  339.5221126008022  368.6646239630811  360.5927525432612  330.52656380935383  
-10.563580057136548  9.984903413180692  -336.3349758260196  12.821267306584119  -587.2716531290952  -41.72838582353522  12.614577264031787  -37.085525266477575  -365.51296829572516  0.0  -285.02760395507727  -544.7455801236075  -25.99085569492295  3.1516556673559393  -4.92021575246396  -34.98640448637131  
274.4640238979407  295.01250736825796  -51.30737187094235  297.8488712616614  -302.24404917401796  243.29921813154203  297.64218121910903  247.94207868859968  -80.48536434064789  285.02760395507727  0.0  -259.7179761685303  259.0367482601543  288.17925962243316  280.10738820261327  250.04119946870594  
534.182000066471  554.7304835367883  208.41060429758795  557.5668474301917  -42.52607300548766  503.01719430007233  557.3601573876393  507.66005485713  179.2326118278824  544.7455801236075  259.7179761685303  0.0  518.7547244286847  547.8972357909635  539.8253643711436  509.75917563723624  
15.427275637786401  35.975759108103645  -310.34412013109664  38.81212300150707  -561.2807974341723  -15.73753012861227  38.60543295895474  -11.094669571554626  -339.5221126008022  25.99085569492295  -259.0367482601543  -518.7547244286847  0.0  29.14251136227889  21.07063994245899  -8.995548791448364  
-13.715235724492487  6.833247745824753  -339.4866314933755  9.66961163922818  -590.4233087964511  -44.88004149089116  9.462921596675848  -40.237180933833514  -368.6646239630811  -3.1516556673559393  -288.17925962243316  -547.8972357909635  -29.14251136227889  0.0  -8.0718714198199  -38.13806015372725  
-5.643364304672588  14.905119165644653  -331.4147600735556  17.74148305904808  -582.3514373766312  -36.80817007107126  17.534793016495748  -32.165309514013614  -360.5927525432612  4.92021575246396  -280.10738820261327  -539.8253643711436  -21.07063994245899  8.0718714198199  0.0  -30.066188733907353  
24.422824429234765  44.971307899552  -301.3485713396483  47.80767179295543  -552.2852486427239  -6.741981337163907  47.6009817504031  -2.0991207801062615  -330.52656380935383  34.98640448637131  -250.04119946870594  -509.75917563723624  8.995548791448364  38.13806015372725  30.066188733907353  0.0  



slope_matrix
0.0  0.00023613518122635302  -0.004776706682828197  0.000240090835356475  -0.005826452279447153  -0.00041349085533234274  0.00029406441666034427  -0.0003440833576717829  -0.004918921677364033  0.0002366393381975033  -0.0028497681874130754  -0.00534979118953712  -0.0001882063637646261  0.0002220371656871052  0.00011991849351195469  -0.00047184745806094986  
-0.00023640685078597838  0.0  -0.002269015784833914  3.910014879038649e-05  -0.00431475167633957  -0.0005561764813585277  1.9431566177869613e-05  -0.00034368011594376654  -0.0024115205941102422  -7.998801100040609e-05  -0.0020819219726486426  -0.00393923167926026  -0.00043177819380825304  -8.84791887326784e-05  -0.0003431196861336246  -0.0004040185778416315  
0.00469749669457654  0.0022716948457802578  0.0  0.002196227469698099  -0.002549651262985934  0.0028502959559063893  0.0033299890551584253  0.004948725823706665  -0.0046909955739076435  0.00546086987864945  0.0005519889389020156  -0.0020434415560112557  0.0026284533893258855  0.0027767596228805455  0.0030368804185242886  0.0050544879459853784  
-0.00023920670380237998  -3.921800662864409e-05  -0.002200657022139189  0.0  -0.0032270867706470888  -0.00036436393295206357  -2.2386011323766e-06  -0.00026304944326000765  -0.002326492655284155  -0.00011728199146161836  -0.00157396290993559  -0.002960191380267005  -0.00027161858607554703  -0.00024017912665743118  -0.00020213607222340296  -0.0003199121506487917  
0.005699822821426751  0.0043072835855697735  0.00253036883435591  0.0032300570578504034  0.0  0.012362185980184908  0.003484874116376943  0.013897098455736744  0.0022094120238454725  0.004504653318471237  0.032429619010087764  0.007676186463084415  0.008927641123495663  0.0037292562549516247  0.005834424748045157  0.011328928177286644  
0.00040812998646409994  0.0005564158514817722  -0.002844516655426131  0.00036096672950893216  -0.012395893372087253  0.0  0.0003652326304695679  7.891994827566964e-05  -0.0030904322083820743  0.00036409026981533215  -0.004711448840657282  -0.011442611335306468  0.0007430373054113442  0.0003511190853613766  0.000601538978118504  0.0001485345084195617  
-0.0002953383960393519  -1.9435874729128563e-05  -0.003316380470348331  2.2320738936536878e-06  -0.003536856496628306  -0.00036432664982278764  0.0  -0.0003547473414026364  -0.0034633407726667605  -0.0002591326471658132  -0.001812117924512539  -0.0032163248950472867  -0.0002431991492941586  -0.00015750535280752078  -0.00014891543963053714  -0.00038823082742356336  
0.0003383764379859789  0.0003426793002304766  -0.004928350635038571  0.0002634952591725669  -0.013942882104982708  -7.917565752144688e-05  0.00035609445103180744  0.0  -0.005304060772436169  0.0003848243775705881  -0.007294559537764039  -0.011797816752431559  0.0001426967147466833  0.0002912150317278245  0.0003220363183589833  8.011911374451379e-05  
0.004846387059511041  0.0024236614710443803  0.004912119944394873  0.0023229215669080205  -0.002222030910154009  0.0030913173808687217  0.003479274434668356  0.005310063751483388  0.0  0.005582055105310403  0.0008532318916638173  -0.0017338938940493606  0.0028331048022029372  0.0029224306299094815  0.0032308283535817687  0.005418468259169735  
-0.00023802568853394654  7.989201002704987e-05  -0.005435277566677757  0.00011750771979272403  -0.004507730621726078  -0.00036266631169420494  0.0002586014199268509  -0.0003832733078387513  -0.005551533540336044  0.0  -0.002281644577857201  -0.0040664186868187065  -0.00020876189313191124  4.46916572228579e-05  -5.4711617396463474e-05  -0.00042142139829404136  
0.0028359580894600197  0.0020807472554221127  -0.0005483900370985714  0.0015767208278366861  -0.03249936012623849  0.004727010260958656  0.001783463246564258  0.007296706259228949  -0.0008493601133457987  0.0022778518657002897  0.0  -0.02420484400452286  0.003689456605329074  0.0018269256981262405  0.0027212593454248226  0.005746752458485542  
0.005153709600255388  0.003930579057455349  0.002034266513397637  0.0029617795501300993  -0.0076485742815625285  0.011414050245066311  0.0031727499552438327  0.011841848725382085  0.0  0.004064658857809338  0.024455553311537693  0.0  0.008322579846764606  0.0034074906450007676  0.00527776232972384  0.009728228542695349  
0.00018765692297514173  0.00043188186204206057  -0.002610127166788029  0.00026813025817788526  -0.008948992306029533  -0.0007412873353091037  0.0002425726230534385  -0.0001422211200045459  -0.0028183125475288637  0.00020817665754844171  -0.003682114403129414  -0.008340108109785927  0.0  0.00023041201266823917  0.00036536570040677976  -0.00013877736487887018  
-0.00022185758208496421  8.843338612430119e-05  -0.0027790326743072653  0.00024265022934073224  -0.0037047330664268753  -0.0003511740335750482  0.00015750535280752078  -0.00029104651670042327  -0.0029231257846739703  -4.5243406077461086e-05  -0.001829814145712664  -0.0033868902502995823  -0.00023021179684239583  0.0  -0.00011423537248542173  -0.0003376842584888193  
-0.00011989301688278282  0.00034351507641494937  -0.003033267070049017  0.00020213607222340296  -0.005815198639711525  -0.0005997746467503872  0.00014862513151801785  -0.0003232337079721198  -0.0032098340087525477  5.4505547274442894e-05  -0.0027083664968393225  -0.00526438044889601  -0.0003632868955596377  0.00011417074144016831  0.0  -0.0004070644688524032  
0.0004589031271934379  0.00040278824809271836  -0.0051241042567530745  0.0003192925385223765  -0.011232158809085294  -0.00014935714083216453  0.0003880409370702136  -7.765892638202965e-05  -0.005507858087141374  0.00042203141720592656  -0.005663447326584506  -0.00963263748369683  0.00013940103504491498  0.00033747509206023585  0.00040536313025181476  0.0  
