Height_Data

node	height
0	16.36371419536829
1	18.50035916089196
2	15.280498771795003
3	10.695726104475694
4	25.28037543371314
5	16.422286797001394
6	31.51681866102744
7	22.50363334635674
8	110.75231434706211
9	12.19349265407143
10	22.16813388160146
11	25.825661982479886
12	15.528557306180959
13	16.18413779866224
14	7.156280267019705
15	27.61179528294322
16	12.662886125681942
17	103.43655796218778
18	27.211870124830607
19	39.258097105253576
20	42.60614384387805



height_matrix
0.0  -21.36644965523672  10.832154235732844  56.67988090892594  -89.16661238344852  -0.5857260163310514  -151.53104465659152  -61.3991915098845  -943.8860015169382  41.70221541296857  -58.04419686233172  -94.61947787111598  8.351568891873285  1.795763967060509  92.07433928348584  -112.48081087574928  37.008280696863466  -870.7284376681948  -108.4815592946232  -228.94382909885286  -262.4242964850976  
21.36644965523672  0.0  32.198603890969565  78.04633056416266  -67.8001627282118  20.78072363890567  -130.1645950013548  -40.03274185464778  -922.5195518617015  63.06866506820529  -36.677747207094995  -73.25302821587925  29.718018547110006  23.16221362229723  113.44078893872256  -91.11436122051256  58.37473035210019  -849.3619880129581  -87.11510963938647  -207.57737944361614  -241.0578468298609  
-10.832154235732844  -32.198603890969565  0.0  45.847726673193094  -99.99876661918137  -11.417880252063895  -162.36319889232436  -72.23134574561735  -954.718155752671  30.870061177235726  -68.87635109806456  -105.45163210684882  -2.480585343859559  -9.036390268672335  81.242185047753  -123.31296511148213  26.17612646113062  -881.5605919039276  -119.31371353035604  -239.7759833345857  -273.25645072083046  
-56.67988090892594  -78.04633056416266  -45.847726673193094  0.0  -145.84649329237448  -57.26560692525699  -208.21092556551747  -118.07907241881044  -1000.5658824258642  -14.977665495957368  -114.72407777125765  -151.29935878004193  -48.32831201705265  -54.88411694186543  35.3944583745599  -169.16069178467524  -19.671600212062472  -927.4083185771208  -165.16144020354915  -285.6237100077788  -319.10417739402357  
89.16661238344852  67.8001627282118  99.99876661918137  145.84649329237448  0.0  88.58088636711747  -62.364432273142995  27.76742087356402  -854.7193891334897  130.8688277964171  31.122415521116807  -5.452865487667452  97.51818127532181  90.96237635050903  181.24095166693436  -23.31419849230076  126.17489308031199  -781.5618252847463  -19.314946911174673  -139.77721671540434  -173.2576841016491  
0.5857260163310514  -20.78072363890567  11.417880252063895  57.26560692525699  -88.58088636711747  0.0  -150.94531864026047  -60.81346549355345  -943.3002755006072  42.28794142929962  -57.458470846000665  -94.03375185478492  8.937294908204336  2.3814899833915604  92.66006529981689  -111.89508485941823  37.59400671319452  -870.1427116518638  -107.89583327829214  -228.3581030825218  -261.83857046876653  
151.53104465659152  130.1645950013548  162.36319889232436  208.21092556551747  62.364432273142995  150.94531864026047  0.0  90.13185314670702  -792.3549568603466  193.2332600695601  93.4868477942598  56.91156678547554  159.8826135484648  153.32680862365203  243.60538394007736  39.050233780842234  188.53932535345498  -719.1973930116033  43.04948536196832  -77.41278444226134  -110.8932518285061  
61.3991915098845  40.03274185464778  72.23134574561735  118.07907241881044  -27.76742087356402  60.81346549355345  -90.13185314670702  0.0  -882.4868100070537  103.10140692285307  3.354994647552786  -33.22028636123147  69.75076040175779  63.19495547694501  153.47353079337034  -51.08161936586478  98.40747220674797  -809.3292461583103  -47.08236778473869  -167.54463758896836  -201.0251049752131  
943.8860015169382  922.5195518617015  954.718155752671  1000.5658824258642  854.7193891334897  943.3002755006072  792.3549568603466  882.4868100070537  0.0  985.5882169299068  885.8418046546064  849.2665236458222  952.2375704088115  945.6817654839988  1035.960340800424  831.4051906411889  980.8942822138017  73.1575638487434  835.4044422223151  714.9421724180854  681.4617050318407  
-41.70221541296857  -63.06866506820529  -30.870061177235726  14.977665495957368  -130.8688277964171  -42.28794142929962  -193.2332600695601  -103.10140692285307  -985.5882169299068  0.0  -99.74641227530029  -136.32169328408455  -33.350646521095285  -39.90645144590806  50.37212387051727  -154.18302628871785  -4.693934716105105  -912.4306530811634  -150.18377470759177  -270.6460445118214  -304.12651189806616  
58.04419686233172  36.677747207094995  68.87635109806456  114.72407777125765  -31.122415521116807  57.458470846000665  -93.4868477942598  -3.354994647552786  -885.8418046546064  99.74641227530029  0.0  -36.57528100878426  66.395765754205  59.839960829392226  150.11853614581756  -54.43661401341757  95.05247755919518  -812.684240805863  -50.43736243229148  -170.89963223652114  -204.3800996227659  
94.61947787111598  73.25302821587925  105.45163210684882  151.29935878004193  5.452865487667452  94.03375185478492  -56.91156678547554  33.22028636123147  -849.2665236458222  136.32169328408455  36.57528100878426  0.0  102.97104676298926  96.41524183817648  186.69381715460182  -17.86133300463331  131.62775856797944  -776.1089597970788  -13.86208142350722  -134.32435122773688  -167.80481861398164  
-8.351568891873285  -29.718018547110006  2.480585343859559  48.32831201705265  -97.51818127532181  -8.937294908204336  -159.8826135484648  -69.75076040175779  -952.2375704088115  33.350646521095285  -66.395765754205  -102.97104676298926  0.0  -6.555804924812776  83.72277039161256  -120.83237976762257  28.65671180499018  -879.0800065600681  -116.83312818649648  -237.29539799072614  -270.7758653769709  
-1.795763967060509  -23.16221362229723  9.036390268672335  54.88411694186543  -90.96237635050903  -2.3814899833915604  -153.32680862365203  -63.19495547694501  -945.6817654839988  39.90645144590806  -59.839960829392226  -96.41524183817648  6.555804924812776  0.0  90.27857531642533  -114.2765748428098  35.21251672980296  -872.5242016352554  -110.2773232616837  -230.73959306591337  -264.2200604521581  
-92.07433928348584  -113.44078893872256  -81.242185047753  -35.3944583745599  -181.24095166693436  -92.66006529981689  -243.60538394007736  -153.47353079337034  -1035.960340800424  -50.37212387051727  -150.11853614581756  -186.69381715460182  -83.72277039161256  -90.27857531642533  0.0  -204.55515015923513  -55.066058586622376  -962.8027769516807  -200.55589857810904  -321.0181683823387  -354.4986357685834  
112.48081087574928  91.11436122051256  123.31296511148213  169.16069178467524  23.31419849230076  111.89508485941823  -39.050233780842234  51.08161936586478  -831.4051906411889  154.18302628871785  54.43661401341757  17.86133300463331  120.83237976762257  114.2765748428098  204.55515015923513  0.0  149.48909157261275  -758.2476267924455  3.9992515811260887  -116.46301822310357  -149.94348560934833  
-37.008280696863466  -58.37473035210019  -26.17612646113062  19.671600212062472  -126.17489308031199  -37.59400671319452  -188.53932535345498  -98.40747220674797  -980.8942822138017  4.693934716105105  -95.05247755919518  -131.62775856797944  -28.65671180499018  -35.21251672980296  55.066058586622376  -149.48909157261275  0.0  -907.7367183650583  -145.48983999148666  -265.9521097957163  -299.43257718196105  
870.7284376681948  849.3619880129581  881.5605919039276  927.4083185771208  781.5618252847463  870.1427116518638  719.1973930116033  809.3292461583103  -73.1575638487434  912.4306530811634  812.684240805863  776.1089597970788  879.0800065600681  872.5242016352554  962.8027769516807  758.2476267924455  907.7367183650583  0.0  762.2468783735717  641.784608569342  608.3041411830973  
108.4815592946232  87.11510963938647  119.31371353035604  165.16144020354915  19.314946911174673  107.89583327829214  -43.04948536196832  47.08236778473869  -835.4044422223151  150.18377470759177  50.43736243229148  13.86208142350722  116.83312818649648  110.2773232616837  200.55589857810904  -3.9992515811260887  145.48983999148666  -762.2468783735717  0.0  -120.46226980422966  -153.94273719047442  
228.94382909885286  207.57737944361614  239.7759833345857  285.6237100077788  139.77721671540434  228.3581030825218  77.41278444226134  167.54463758896836  -714.9421724180854  270.6460445118214  170.89963223652114  134.32435122773688  237.29539799072614  230.73959306591337  321.0181683823387  116.46301822310357  265.9521097957163  -641.784608569342  120.46226980422966  0.0  -33.480467386244754  
262.4242964850976  241.0578468298609  273.25645072083046  319.10417739402357  173.2576841016491  261.83857046876653  110.8932518285061  201.0251049752131  -681.4617050318407  304.12651189806616  204.3800996227659  167.80481861398164  270.7758653769709  264.2200604521581  354.4986357685834  149.94348560934833  299.43257718196105  -608.3041411830973  153.94273719047442  33.480467386244754  0.0  



slope_matrix
0.0  -0.0002903839311665768  0.00019705574378266042  0.0006555618888379128  -0.001224816104168249  -9.971501810198355e-06  -0.0031224200423777358  -0.0006636315554462225  -0.014575138998099726  0.0007354888079888637  -0.0021114658734933327  -0.0010433286786979377  0.00030966143462637317  2.134713828796877e-05  0.0015524252113216293  -0.001343696223578417  0.0007917903443916017  -0.01363068938115521  -0.001178378875674812  -0.0027213102234500517  -0.00426082637579311  
0.00029397976960975124  0.0  0.00028950372137178174  0.0006818059802932005  -0.0023484642441361898  0.0002371416596930922  -0.0023491173976061142  -0.00026608314847690814  -0.02097064290108662  0.0008006685929694717  -0.0006364349680217767  -0.0015749952314745056  0.000322006918919818  0.00017621891069915727  0.0008847355244012054  -0.0006573338615741246  0.0006875704399540658  -0.017621252422417754  -0.003035369673846219  -0.006737337859254013  -0.00804840729290711  
-0.00019730699882937786  -0.00028595562958232297  0.0  0.0007815841574018598  -0.0009611569263666029  -0.0002554335626859932  -0.002392620083883353  -0.0017193845690458784  -0.010969989150323694  0.0002820471555709066  -0.0012428067682797646  -0.0009308936450110242  -7.715662033777788e-05  -0.0002541881932115987  0.0016039601399331306  -0.0039346829965374005  0.0002815545494367067  -0.010555083715324804  -0.0009585740622668598  -0.0021151540947467445  -0.002906983518306707  
-0.000653747184647358  -0.0006791361866007889  -0.0007803868369905207  0.0  -0.0014856523713188802  -0.0020220906400161367  -0.0034701820927586246  -0.0016810801881949095  -0.013633545202696065  -0.00011174860475981025  -0.0016450254914146495  -0.0016479616466620404  -0.0006176931495022067  -0.001212105056136604  0.0003266346598366562  -0.002727078700381674  -0.00015045085859429353  -0.013271441307629089  -0.0014759735496295723  -0.002913338535371061  -0.0035674027657241316  
0.001349986561445095  0.0023764515502352544  0.0010093748523183745  0.0014274884339079423  0.0  0.0011759045050725803  -0.0014466349402260032  0.0002007738201440617  -0.026709980910421552  0.0017149630165956898  0.0006755462453031649  -0.00010991464397636468  0.0012000760678725303  0.0007625314473175374  0.001490223250015905  -0.00018435734443786087  0.0015631181005985133  -0.02158414320035201  -0.00045705032918065953  -0.0039109461867768425  -0.01028846105116681  
9.947792396926823e-06  -0.00023673642787543482  0.0002553764314932654  0.002017104858233779  -0.0011755923870884867  0.0  -0.004609017363061388  -0.0008099822255401366  -0.01865335723750459  0.00039901813011228174  -0.0013706696289599396  -0.001278501044932494  0.00017414838090811256  4.613502486229292e-05  0.000982286473161706  -0.0017693719933494344  0.0003660529762436054  -0.018490070370842836  -0.001180350435163463  -0.0029446563904902876  -0.003935055161838992  
0.0031051443577170394  0.0023385662055579372  0.002387343021501608  0.0034609528850651173  0.0014287384255015577  0.004567180594259016  0.0  0.0008817438186921054  -0.03993724580949328  0.0023100210408793795  0.004061114152661156  0.0011911169272807774  0.002782018680154251  0.001884547795275959  0.002417919443573969  0.00043206720270903116  0.0021803763730436215  -0.03991106509498353  0.0006922252027973681  -0.0016017542818593284  -0.0032217679206422455  
0.0006663684774244032  0.00026337156896762376  0.0017153014900407825  0.0016806016569713982  -0.00019358078146111657  0.0008110624899113557  -0.0008826072576058266  0.0  -0.0072866551895553935  0.0007040522188121624  3.532688899181622e-05  -0.00022543625380857407  0.0010088336766236302  0.002116374932248661  0.002373546718115842  -0.0040001268101695206  0.0007572135442193595  -0.006882051412910802  -0.0002873136051207272  -0.0011105232159406666  -0.0015069235236258582  
0.014505701575486987  0.020674560226388954  0.011027005725949076  0.013682016715791934  0.03300074861519265  0.018694020521216947  0.03995738562079408  0.007305959185421423  0.0  0.011554375345016493  0.022569217952983604  0.02819609972263686  0.012669472730292862  0.009463442064284988  0.008746710070925567  0.007631071047647443  0.010943816603969671  0.014068762278604499  0.019262265211489858  0.024227115297122515  0.038829726782441065  
-0.0007312329548127051  -0.0008005669594847079  -0.0002821760619491383  0.00011081433483247534  -0.0015467300295049888  -0.0003979666989393904  -0.0023111261819107774  -0.000703044029477348  -0.011625244361051036  0.0  -0.0014891969584249073  -0.00124131937064364  -0.0004060714296979823  -0.0002848629555707621  0.0005502143513983317  -0.0011185651936209942  -0.0002457557442986966  -0.010640590706485872  -0.0014762977952186352  -0.002826590543204401  -0.00408552541507343  
0.002075230492039032  0.0006299853522345413  0.0012414627090494693  0.0016429053096270608  -0.0006051412700975463  0.0013644851780099897  -0.004087750231493651  -3.534549776182876e-05  -0.022586481505726834  0.0014981437710318457  0.0  -0.0005409744269898574  0.0016994053174866906  0.0007853013232203705  0.0018229330436650584  -0.0006516233422721758  0.0014912297823880263  -0.021307924509854827  -0.0007065045865288063  -0.002718301769310023  -0.004994626090487925  
0.0010396602337228434  0.001556257238493292  0.0009343578956835798  0.001643307904638231  0.00015939390493035523  0.0012676429206630482  -0.0011918652729942523  0.0002258807803170699  -0.028010109618925534  0.0012441516225616916  0.0005392993366084379  0.0  0.0009875329359360634  0.000772558027549491  0.0012652833064811613  -0.00013208114327170975  0.0011548320632389843  -0.0238876257247485  -0.0004788283738689886  -0.008390028184118482  -0.004650909606817673  
-0.000309088411986428  -0.00031800982928956666  7.737321721333622e-05  0.0006205484337063772  -0.001110306060290582  -0.00017408053970012342  -0.0027767039518663563  -0.0010063592613152185  -0.012644238088020336  0.0004086087542403245  -0.0017068320245296916  -0.0009862182431087947  0.0  -0.00010121356334238214  0.0018457400879985132  -0.001997229417646654  0.0004306689480761975  -0.011842651307558509  -0.0010893531765640697  -0.0023889600119875783  -0.003526645811109285  
-2.1472467949211526e-05  -0.0001742017540522648  0.0002540452704153032  0.0012210037139458382  -0.0007336267146585131  -4.649531400608279e-05  -0.001882927773838291  -0.002106498515898167  -0.009417265141246751  0.00028705340521150086  -0.0007861059986520615  -0.0007788613122075812  0.00010176502886966635  0.0  0.0010945378367918106  -0.005646075832154634  0.00028059794511003147  -0.009003448577394029  -0.0007785197547595038  -0.0018056154086071943  -0.0023138633895451277  
-0.0015461685857848168  -0.0008801364647274619  -0.0015939216214979988  -0.0003274838857749806  -0.0013991118702094672  -0.0009834436987881225  -0.0024273155035878574  -0.002353527538619389  -0.00877263393005694  -0.0005495540461544542  -0.0018399134225495473  -0.00126838655584348  -0.0018304059989421198  -0.001097211659169  0.0  -0.003065415108035893  -0.000754950076592026  -0.008228380283323483  -0.0013520014734940613  -0.0022819033862833287  -0.0029697464670234014  
0.0013435357247461692  0.0006514171001888351  0.003937195565500706  0.0027363424746793146  0.0001775494702827696  0.0017803513899668773  -0.0004339397019762444  0.003996996820490202  -0.007628970367417773  0.0011171064069607148  0.0006556179500839152  0.00013208114327170975  0.0019899930791769196  0.005654456944226115  0.00308064985179571  0.0  0.0012299579691674573  -0.007189225626172803  2.635577451793575e-05  -0.000851213406103666  -0.0012364331588702025  
-0.0008010450367286464  -0.0006941934873599737  -0.0002819791711852916  0.00015002745738302678  -0.0014240958586942663  -0.0003684242131830117  -0.002197940374836267  -0.0007565150077394524  -0.011049839835685499  0.00024034483953431156  -0.0014933617841193273  -0.0011565570562163206  -0.00043229313327787267  -0.0002796153219976095  0.0007543295696797585  -0.0012326963929464234  0.0  -0.010115185183475131  -0.0013761808550083869  -0.0026664538780400674  -0.003817832171132998  
0.013596633942351574  0.017390348027537483  0.010580419970042339  0.01327904236221536  0.025948267771737924  0.018435226941776777  0.039494639923756354  0.006886150311905984  -0.013699918323734718  0.010532502055652353  0.02126332393526591  0.023909703012849007  0.011868232841367194  0.009025801196185531  0.00820454006776038  0.007174260826875253  0.009979515373406534  0.0  0.01601695478826585  0.019027115581658524  0.027942312410799138  
0.0011840379752742108  0.0030279843461726266  0.0009615094973838024  0.0014709782704270498  0.0006252815445508149  0.0011729082865343204  -0.0006908920777077246  0.00028827939766068683  -0.019143089876771657  0.0014657795696622268  0.0007060101124340913  0.0004808214160078814  0.0010936359467050125  0.0007769291479617001  0.0013572166108013063  -2.640083693855434e-05  0.0013613721342891987  -0.015906654390099577  0.0  -0.008429829937314882  -0.0044249134001286125  
0.002724224525212433  0.006683109447637351  0.002128485173985013  0.0029056328586752676  0.0066057285782327195  0.0029389717256437815  0.0016030810611360807  0.0011147273643486628  -0.024359188157345328  0.002804622222920429  0.002733082236310909  0.007938791443719674  0.0023949878682955807  0.00180759571536164  0.002283364168022894  0.0008521476419338814  0.002635537704843091  -0.019083693385945347  0.007988214177999315  0.0  -0.0013338831627985957  
0.004291484815782463  0.007841829760242709  0.0029187828532453585  0.003574595915694226  0.01270217625378659  0.003942164565925422  0.00324249274352357  0.001513150761563342  -0.03871941505862731  0.004083879574299264  0.004988530622962312  0.004658656818822366  0.003546043286759703  0.002320977340584664  0.0029900357267930453  0.0012390794764928134  0.003796051941961981  -0.027891065620499644  0.004414761605691838  0.0013280629665309305  0.0  
