Height_Data

node	height
0	51.48342080218431
1	26.59766213419585
2	73.11304853265972
3	68.60034529738934
4	21.68391897190587
5	8.681937987444881
6	52.882650104635196
7	38.494419694572635
8	74.69350976075476
9	44.7954800370769
10	14.072503182479362
11	56.35827429120199
12	10.120461175203898
13	13.456909580837225
14	38.1509096270881
15	35.60795954968785
16	44.61115011924075
17	40.35209770623746
18	22.22628008809094
19	24.520224626677642
20	41.26349870979097



height_matrix
0.0  497.7151733597692  -432.59255460950817  -342.3384899041007  595.9900366055688  856.0296562947885  -27.984586049017707  259.7800221522335  -464.20177917140904  133.75881530214815  748.2183523940989  -97.49706978035351  827.2591925396082  760.5302244269417  266.6502235019243  317.5092250499292  137.4454136588713  222.62646191893703  585.1428142818673  539.2639235101333  204.3984418478667  
-497.7151733597692  0.0  -930.3077279692774  -840.0536632638699  98.27486324579957  358.3144829350193  -525.6997594087869  -237.93515120753568  -961.9169525311783  -363.95635805762106  250.50317903432972  -595.2122431401227  329.544019179839  262.8150510671725  -231.0649498578449  -180.20594830983998  -360.2697597008979  -275.0887114408322  87.42764092209813  41.54875015036413  -293.3167315119025  
432.59255460950817  930.3077279692774  0.0  90.25406470540747  1028.582591215077  1288.6222109042967  404.60796856049046  692.3725767617417  -31.609224561900874  566.3513699116563  1180.810907003607  335.09548482915466  1259.8517471491164  1193.1227790364499  699.2427781114325  750.1017796594374  570.0379682683795  655.2190165284452  1017.7353688913755  971.8564781196415  636.9909964573749  
342.3384899041007  840.0536632638699  -90.25406470540747  0.0  938.3285265096695  1198.3681461988892  314.353903855083  602.1185120563342  -121.86328926730835  476.09730520624885  1090.5568422981996  244.84142012374718  1169.597682443709  1102.8687143310424  608.988713406025  659.8477149540299  479.783903562972  564.9649518230377  927.481304185968  881.602413414234  546.7369317519674  
-595.9900366055688  -98.27486324579957  -1028.582591215077  -938.3285265096695  0.0  260.03961968921976  -623.9746226545865  -336.21001445333525  -1060.1918157769778  -462.2312213034206  152.22831578853015  -693.4871063859223  231.26915593403945  164.5401878213729  -329.3398131036445  -278.48081155563955  -458.5446229466975  -373.36357468663175  -10.84722232370143  -56.72611309543544  -391.59159475770207  
-856.0296562947885  -358.3144829350193  -1288.6222109042967  -1198.3681461988892  -260.03961968921976  0.0  -884.0142423438062  -596.249634142555  -1320.2314354661976  -722.2708409926404  -107.81130390068964  -953.526726075142  -28.770463755180344  -95.49943186784688  -589.3794327928642  -538.5204312448593  -718.5842426359172  -633.4031943758515  -270.8868420129212  -316.76573278465526  -651.6312144469218  
27.984586049017707  525.6997594087869  -404.60796856049046  -314.353903855083  623.9746226545865  884.0142423438062  0.0  287.76460820125124  -436.21719312239134  161.74340135116586  776.2029384431166  -69.5124837313358  855.2437785886259  788.5148104759594  294.634809550942  345.49381109894694  165.429999707889  250.61104796795473  613.127400330885  567.248509559151  232.3830278968844  
-259.7800221522335  237.93515120753568  -692.3725767617417  -602.1185120563342  336.21001445333525  596.249634142555  -287.76460820125124  0.0  -723.9818013236426  -126.02120685008538  488.4383302418654  -357.27709193258704  567.4791703873747  500.75020227470816  6.870201349690774  57.7292028976957  -122.33460849336223  -37.1535602332965  325.3627921296338  279.4839013578998  -55.38158030436682  
464.20177917140904  961.9169525311783  31.609224561900874  121.86328926730835  1060.1918157769778  1320.2314354661976  436.21719312239134  723.9818013236426  0.0  597.9605944735572  1212.420131565508  366.70470939105553  1291.4609717110172  1224.7320035983507  730.8520026733333  781.7110042213383  601.6471928302803  686.8282410903461  1049.3445934532765  1003.4657026815423  668.6002210192758  
-133.75881530214815  363.95635805762106  -566.3513699116563  -476.09730520624885  462.2312213034206  722.2708409926404  -161.74340135116586  126.02120685008538  -597.9605944735572  0.0  614.4595370919508  -231.25588508250166  693.50037723746  626.7714091247935  132.89140819977615  183.75040974778108  3.6865983567231524  88.86764661678887  451.3839989797192  405.5051082079852  70.63962654571856  
-748.2183523940989  -250.50317903432972  -1180.810907003607  -1090.5568422981996  -152.22831578853015  107.81130390068964  -776.2029384431166  -488.4383302418654  -1212.420131565508  -614.4595370919508  0.0  -845.7154221744524  79.04084014550929  12.311872032842757  -481.5681288921746  -430.7091273441697  -610.7729387352276  -525.5918904751619  -163.07553811223158  -208.9544288839656  -543.8199105462322  
97.49706978035351  595.2122431401227  -335.09548482915466  -244.84142012374718  693.4871063859223  953.526726075142  69.5124837313358  357.27709193258704  -366.70470939105553  231.25588508250166  845.7154221744524  0.0  924.7562623199617  858.0272942072952  364.1472932822778  415.00629483028274  234.94248343922482  320.12353169929054  682.6398840622209  636.7609932904868  301.8955116282202  
-827.2591925396082  -329.544019179839  -1259.8517471491164  -1169.597682443709  -231.26915593403945  28.770463755180344  -855.2437785886259  -567.4791703873747  -1291.4609717110172  -693.50037723746  -79.04084014550929  -924.7562623199617  0.0  -66.72896811266654  -560.6089690376839  -509.74996748967897  -689.8137788807369  -604.6327306206712  -242.11637825774088  -287.9952690294749  -622.8607506917415  
-760.5302244269417  -262.8150510671725  -1193.1227790364499  -1102.8687143310424  -164.5401878213729  95.49943186784688  -788.5148104759594  -500.75020227470816  -1224.7320035983507  -626.7714091247935  -12.311872032842757  -858.0272942072952  66.72896811266654  0.0  -493.8800009250174  -443.02099937701246  -623.0848107680704  -537.9037625080047  -175.38741014507434  -221.26630091680835  -556.131782579075  
-266.6502235019243  231.0649498578449  -699.2427781114325  -608.988713406025  329.3398131036445  589.3794327928642  -294.634809550942  -6.870201349690774  -730.8520026733333  -132.89140819977615  481.5681288921746  -364.1472932822778  560.6089690376839  493.8800009250174  0.0  50.859001548004926  -129.204809843053  -44.02376158298728  318.49259077994304  272.61370000820904  -62.251781654057595  
-317.5092250499292  180.20594830983998  -750.1017796594374  -659.8477149540299  278.48081155563955  538.5204312448593  -345.49381109894694  -57.7292028976957  -781.7110042213383  -183.75040974778108  430.7091273441697  -415.00629483028274  509.74996748967897  443.02099937701246  -50.859001548004926  0.0  -180.06381139105792  -94.8827631309922  267.6335892319381  221.7546984602041  -113.11078320206252  
-137.4454136588713  360.2697597008979  -570.0379682683795  -479.783903562972  458.5446229466975  718.5842426359172  -165.429999707889  122.33460849336223  -601.6471928302803  -3.6865983567231524  610.7729387352276  -234.94248343922482  689.8137788807369  623.0848107680704  129.204809843053  180.06381139105792  0.0  85.18104826006572  447.69740062299604  401.81850985126204  66.9530281889954  
-222.62646191893703  275.0887114408322  -655.2190165284452  -564.9649518230377  373.36357468663175  633.4031943758515  -250.61104796795473  37.1535602332965  -686.8282410903461  -88.86764661678887  525.5918904751619  -320.12353169929054  604.6327306206712  537.9037625080047  44.02376158298728  94.8827631309922  -85.18104826006572  0.0  362.5163523629303  316.6374615911963  -18.22802007107032  
-585.1428142818673  -87.42764092209813  -1017.7353688913755  -927.481304185968  10.84722232370143  270.8868420129212  -613.127400330885  -325.3627921296338  -1049.3445934532765  -451.3839989797192  163.07553811223158  -682.6398840622209  242.11637825774088  175.38741014507434  -318.49259077994304  -267.6335892319381  -447.69740062299604  -362.5163523629303  0.0  -45.87889077173401  -380.74437243400064  
-539.2639235101333  -41.54875015036413  -971.8564781196415  -881.602413414234  56.72611309543544  316.76573278465526  -567.248509559151  -279.4839013578998  -1003.4657026815423  -405.5051082079852  208.9544288839656  -636.7609932904868  287.9952690294749  221.26630091680835  -272.61370000820904  -221.7546984602041  -401.81850985126204  -316.6374615911963  45.87889077173401  0.0  -334.86548166226663  
-204.3984418478667  293.3167315119025  -636.9909964573749  -546.7369317519674  391.59159475770207  651.6312144469218  -232.3830278968844  55.38158030436682  -668.6002210192758  -70.63962654571856  543.8199105462322  -301.8955116282202  622.8607506917415  556.131782579075  62.251781654057595  113.11078320206252  -66.9530281889954  18.22802007107032  380.74437243400064  334.86548166226663  0.0  



slope_matrix
0.0  0.009383593321388533  -0.013156307734238867  -0.0037202617898728614  0.01662918628921788  0.014203246329762545  -0.0033716368733756274  0.0051831608569879  -0.012808746424530478  0.0017368793458356357  0.009752585406596702  -0.0010361006352853721  0.015101206486548405  0.011354586808404624  0.0057061892467777505  0.005464874785713067  0.001661955885163073  0.00258387258494588  0.006455679769217425  0.020614064354362895  0.0036538870548420933  
-0.009351856848983845  0.0  -0.037331770785284005  -0.0152789811619263  0.002317803378438669  0.003211278750089795  -0.010796873267791886  -0.003055935669246541  -0.049077395537305016  -0.0029987341028064685  0.00308767631004967  -0.00989694622869794  0.003129216225879662  0.0031706484626272467  -0.009712692301716895  -0.0020990791882334304  -0.0028540739895500113  -0.005955590202226287  0.0013115457684083128  0.0009442897761446393  -0.009725355819360163  
0.013220639791250518  0.038096139556481466  0.0  0.0012497101177708042  0.04779658881110952  0.01433714075327433  0.014590983359556093  0.01215115087331944  -0.004587695872554554  0.005290926644790422  0.014500932174918421  0.004421368054217637  0.014854640229556152  0.014596559567365426  0.022447601223480978  0.011545356005224525  0.005056576378210087  0.009933581208739314  0.013236251383682866  0.029414542315969777  0.016020900313314258  
0.003724714284670881  0.015243216535363271  -0.0012500562978588292  0.0  0.010188038419883274  0.008062218421682516  0.0035139045814339704  0.004720239822957912  -0.001865920827856505  0.0037238741118987002  0.018279531382805893  0.0307203789364802  0.00881983019714734  0.013257227002416666  0.01327351162611214  0.0048678926378560835  0.003696047327347446  0.05319820638635007  0.0373382167546686  0.012333553629186261  0.015003757731942026  
-0.01637785206390681  -0.002290789353048941  -0.04608344942719879  -0.01016045875528873  0.0  0.0033419820034599635  -0.021575885983906862  -0.009016090492178472  -0.036646796259141995  -0.004121140336689408  0.0014919810233020372  -0.007111885904010033  0.002655519071466752  0.0016794956396996316  -0.006330901234187049  -0.0061501946014938065  -0.0038908844468582998  -0.0043530788700784865  -0.00011160727149325998  -0.0011513317047987708  -0.006366204333496482  
-0.014257655834356904  -0.003227476877454687  -0.014354708821480414  -0.00807797874080815  -0.0033475749187592656  0.0  -0.013604405083776644  -0.010124802753312193  -0.014064466128328514  -0.009676726165496254  -0.0009401055450007816  -0.006354726598301513  -0.0009197718591809573  -0.0010047283731493622  -0.005640534336231833  -0.00895891584170453  -0.008945403244565135  -0.004411807441497886  -0.0019044350535216618  -0.003958582014304614  -0.00580880027141132  
0.0033434391934310283  0.010852596189281315  -0.014606785868609765  -0.003503331147387529  0.021940035958318792  0.01358141407810426  0.0  0.00578072736442851  -0.013941105564793587  0.0019222899817112448  0.009598156775604261  -0.0007468838909566542  0.013814084388697096  0.01107775794430963  0.00644715119367488  0.005981541050882045  0.0018415691655206889  0.0030024086254696867  0.006819346016359527  0.02002996149573273  0.004232071169129201  
-0.005197679514850611  0.003027549958105811  -0.011935400392376172  -0.0047025445916256065  0.008960821280739212  0.010128242468873026  -0.005787703302519132  0.0  -0.011203679995723345  -0.0010606952853302364  0.0038483952902762797  -0.0026968379523896967  0.007058198636658889  0.0043082698294305095  7.914066754625935e-05  0.006567599874595643  -0.0009800018304216278  -0.0003058913241667751  0.0024546419625019527  0.003670658016258206  -0.0005758118143519112  
0.012865546386502842  0.050256894071639406  0.004587695872554554  0.0018656351694321548  0.037436151687040176  0.014013708050803498  0.013927752015402022  0.011351235517774264  0.0  0.005426139695767307  0.01575185307997282  0.005323047022660118  0.014647064506997882  0.015556103183009663  0.029685296615488764  0.010891890820974477  0.005218554886202449  0.01162933019116739  0.01472971074471191  0.0303988398267659  0.020346933080318798  
-0.0017301395054021827  0.0030113880362205945  -0.005266327294560788  -0.003718348213107223  0.0041233461013141775  0.00970272489243203  -0.0019188691716928955  0.001064997945154106  -0.0054271246548698235  0.0  0.008940194050515798  -0.001887186919230469  0.015076095157336088  0.012616171681255908  0.0012853410213732098  0.0015133454928988722  0.00047815802292129085  0.0006722720827353724  0.004241533536738575  0.005185487317237662  0.0006626606617797238  
-0.009761491877287658  -0.0030797046844643437  -0.014483146167099314  -0.01829179540922844  -0.0015046635477412515  0.0009385505693452567  -0.009600531087731807  -0.003843852445438462  -0.01572325420263919  -0.008987268350035845  0.0  -0.01562667077188567  0.0008447241652827754  0.0005192691705121366  -0.008304330555133205  -0.003214966987714934  -0.008684387014577386  -0.00824199295084149  -0.0042914615292692524  -0.0038193096122092047  -0.009275454725332291  
0.001040745834546899  0.009938258555377649  -0.004448957578719525  -0.0295702198217086  0.007257009725577613  0.006354303119253246  0.0007508369381220113  0.0027204322812785027  -0.005358829597998766  0.001888419770394428  0.015583479310382392  0.0  0.006917685983841724  0.01102862846024801  0.007642125777172672  0.002978777749443966  0.0018883015868769073  0.01817850833045375  0.03850196751619971  0.008692982843556133  0.007900955551641461  
-0.015115002330299249  -0.003134872045621649  -0.01482841443408955  -0.008807874707761947  -0.002655824023128611  0.0009174255023973324  -0.013858854638372832  -0.007069629629841468  -0.014622188941724793  -0.015141929634005678  -0.0008444534203580052  -0.006913031788293053  0.0  -0.0009399770124336743  -0.006006739194660708  -0.006115042796181369  -0.013146822543943908  -0.004575697976545112  -0.0019221687699090258  -0.004297154118613472  -0.006165717191563468  
-0.011530173202349024  -0.0031622554574319874  -0.014771855627540546  -0.013298790719052723  -0.0017045497547018844  0.0010044113574657855  -0.011230804877880066  -0.004330625289930884  -0.015548203676505659  -0.012659491196218816  -0.0005188315226650973  -0.011081328867458287  0.0009401094408659698  0.0  -0.007937640644889382  -0.003640869488634225  -0.011845718835894874  -0.006190629100103633  -0.002860665636031224  -0.004496368642893891  -0.00864229654357537  
-0.005697654348331716  0.009891479017887197  -0.02258536105011087  -0.012705794145754746  0.006498289558288993  0.005615811651194514  -0.006406497272253577  -7.975530060819788e-05  -0.030363606259797813  -0.0012778020019209245  0.00794535767847178  -0.00728148956773201  0.005977214967722744  0.00768326074867793  0.0  0.00054030023635152  -0.0011915965124324726  -0.0010209592203846772  0.006366032196281092  0.009809776898460203  -0.00478124283057278  
-0.005517102086010934  0.0020903137490991762  -0.011429251556596638  -0.004834403362546926  0.006169269197067779  0.0089618976742363  -0.005976367602472703  -0.006428641748073018  -0.010821027190217861  -0.0015073864622459482  0.003212329410383127  -0.0029622148096379924  0.006105521229963815  0.0036091323778168023  -0.0005385894477179385  0.0  -0.0014001851585618813  -0.0007301482349441493  0.0019093499980875944  0.0026487661067869576  -0.0010896992601354771  
-0.001656747310891519  0.002858376386075039  -0.00504681689480637  -0.0036858254863868173  0.003894188779260452  0.008965492734072579  -0.0018393168822660301  0.0009800096811132118  -0.005215388287363734  -0.0004819082819245951  0.00861943181957702  -0.001884514987079689  0.01318703458001791  0.011780767834525816  0.001198004727334752  0.0014076282941765004  0.0  0.0006341650406496852  0.004124342704956205  0.004819123409106045  0.0006028545668016874  
-0.0025868749932481646  0.005937593598981917  -0.009959249377237349  -0.05304835228385331  0.004369892025826682  0.0044072028553844384  -0.003017592389740575  0.000307308190515273  -0.01166092090136411  -0.0006745172418731603  0.00826922420508436  -0.018472217639889817  0.004581592260518839  0.006210642679921541  0.0010747988667721502  0.0007361530229730173  -0.0006370581726128616  0.0  0.011328636011341573  0.004757173401310041  -0.0005783001291583223  
-0.006461382666540055  -0.001316681339188225  -0.013234530154634272  -0.03782550180203785  0.00011258027756537483  0.0019026960877496747  -0.006817071384599567  -0.0024684039429913574  -0.014754564024933584  -0.004241533536738575  0.004265643162757823  -0.03784034834047788  0.0019217110743530508  0.00283982205545781  -0.006717835705124299  -0.0019143896626772207  -0.004130811963674073  -0.011435847077694962  0.0  -0.000660603178858661  -0.009580885063764486  
-0.020701110307490722  -0.0009525160511316856  -0.029593680819721115  -0.012394241718181273  0.0011672039731571078  0.0039575928633765025  -0.020143768095140305  -0.00368760920118617  -0.03032534610702757  -0.005176881248665712  0.0038221040586055533  -0.008697732458550564  0.004297795389187806  0.0044279828080209796  -0.009996835350502714  -0.0026471851314337365  -0.004816812633076745  -0.004772230016446064  0.0006618420480630988  0.0  -0.009578532084160945  
-0.0036558476452846845  0.00976745692680328  -0.01610596704064159  -0.015078238603198218  0.006549340114025557  0.005800527100293055  -0.004213654177640696  0.0005814278097276335  -0.020471531568257064  -0.0006662858568734065  0.00928178717436819  -0.007874165665837773  0.006155906254057002  0.008646327465470694  0.00585623533904587  0.0010955994537253854  -0.0006061840487912667  0.0005790349450784726  0.00958329656264789  0.009518632224623838  0.0  
