Height_Data

node	height
0	38.69744658014743
1	18.343571769443646
2	25.20174001956189
3	189.82607296139753
4	37.56206897589207
5	200.7910448604527
6	4.934245477210206
7	96.31183785625372
8	36.388595531661956
9	6.601621113147575
10	8.817760434480876
11	16.904572372455288
12	41.58700351689612
13	50.93790201077971
14	14.11545353829243
15	39.77178937365159
16	20.613260701629937
17	9.322278139740336
18	19.30567475420087
19	18.781429165091502
20	105.9754376508166



height_matrix
0.0  71.23856183746325  47.2349729620494  -528.9501923343753  3.9738216148937795  -567.3275939810684  118.17120386028029  -201.65036946637198  8.080978669699164  112.3353891344995  104.57890150983295  76.2750597269225  -10.113449278620408  -42.84159400721299  86.0369756464925  -3.7601997772645745  63.29465057481123  102.81308954142483  67.87120139081297  69.70606095269575  -235.4729687473421  
-71.23856183746325  0.0  -24.003588875413854  -600.1887541718386  -67.26474022256947  -638.5661558185317  46.932642022817035  -272.88893130383525  -63.15758316776409  41.09682729703624  33.34033967236969  5.036497889459248  -81.35201111608366  -114.08015584467624  14.798413809029249  -74.99876161472783  -7.943911262652023  31.57452770396158  -3.367360446650281  -1.5325008847675008  -306.71153058480536  
-47.2349729620494  24.003588875413854  0.0  -576.1851652964247  -43.26115134715562  -614.5625669431179  70.93623089823089  -248.88534242842138  -39.153994292350234  65.1004161724501  57.34392854778354  29.040086764873102  -57.348422240669805  -90.07656696926239  38.8020026844431  -50.99517273931397  16.05967761276183  55.57811657937543  20.636228428763573  22.471087990646353  -282.7079417093915  
528.9501923343753  600.1887541718386  576.1851652964247  0.0  532.9240139492691  -38.3774016466931  647.1213961946556  327.29982286800333  537.0311710040745  641.2855814688749  633.5290938442082  605.2252520612979  518.8367430557549  486.1085983271623  614.9871679808679  525.1899925571107  592.2448429091866  631.7632818758002  596.8213937251883  598.6562532870711  293.4772235870332  
-3.9738216148937795  67.26474022256947  43.26115134715562  -532.9240139492691  0.0  -571.3014155959622  114.1973822453865  -205.62419108126576  4.107157054805384  108.36156751960571  100.60507989493917  72.30123811202873  -14.087270893514187  -46.81541562210677  82.06315403159871  -7.734021392158354  59.32082895991745  98.83926792653105  63.89737977591919  65.73223933780197  -239.44679036223587  
567.3275939810684  638.5661558185317  614.5625669431179  38.3774016466931  571.3014155959622  0.0  685.4987978413487  365.67722451469643  575.4085726507676  679.662983115568  671.9064954909013  643.602653707991  557.214144702448  524.4859999738554  653.364569627561  563.5673942038038  630.6222445558797  670.1406835224932  635.1987953718814  637.0336549337642  331.8546252337263  
-118.17120386028029  -46.932642022817035  -70.93623089823089  -647.1213961946556  -114.1973822453865  -685.4987978413487  0.0  -319.82157332665224  -110.09022519058112  -5.835814725780789  -13.592302350447344  -41.89614413335778  -128.2846531389007  -161.01279786749328  -32.13422821378778  -121.93140363754486  -54.87655328546906  -15.358114318855453  -50.300002469467316  -48.465142907584536  -353.64417260762235  
201.65036946637198  272.88893130383525  248.88534242842138  -327.29982286800333  205.62419108126576  -365.67722451469643  319.82157332665224  0.0  209.73134813607115  313.98575860087146  306.22927097620493  277.92542919329446  191.53692018775158  158.808775459159  287.6873451128645  197.8901696891074  264.9450200411832  304.4634590077968  269.52157085718494  271.35643041906775  -33.82259928097011  
-8.080978669699164  63.15758316776409  39.153994292350234  -537.0311710040745  -4.107157054805384  -575.4085726507676  110.09022519058112  -209.73134813607115  0.0  104.25441046480033  96.49792284013378  68.19408105722334  -18.19442794831957  -50.922572676912154  77.95599697679333  -11.841178446963738  55.213671905112065  94.73211087172567  59.79022272111381  61.62508228299659  -243.55394741704126  
-112.3353891344995  -41.09682729703624  -65.1004161724501  -641.2855814688749  -108.36156751960571  -679.662983115568  5.835814725780789  -313.98575860087146  -104.25441046480033  0.0  -7.756487624666555  -36.060329407576994  -122.4488384131199  -155.17698314171247  -26.298413488006993  -116.09558891176407  -49.040738559688265  -9.522299593074663  -44.46418774368652  -42.62932818180374  -347.8083578818416  
-104.57890150983295  -33.34033967236969  -57.34392854778354  -633.5290938442082  -100.60507989493917  -671.9064954909013  13.592302350447344  -306.22927097620493  -96.49792284013378  7.756487624666555  0.0  -28.30384178291044  -114.69235078845335  -147.42049551704594  -18.54192586334044  -108.33910128709752  -41.28425093502171  -1.7658119684081086  -36.70770011901997  -34.87284055713719  -340.05187025717504  
-76.2750597269225  -5.036497889459248  -29.040086764873102  -605.2252520612979  -72.30123811202873  -643.602653707991  41.89614413335778  -277.92542919329446  -68.19408105722334  36.060329407576994  28.30384178291044  0.0  -86.38850900554291  -119.1166537341355  9.76191591957  -80.03525950418708  -12.980409152111271  26.53802981450233  -8.40385833610953  -6.568998774226749  -311.7480284742646  
10.113449278620408  81.35201111608366  57.348422240669805  -518.8367430557549  14.087270893514187  -557.214144702448  128.2846531389007  -191.53692018775158  18.19442794831957  122.4488384131199  114.69235078845335  86.38850900554291  0.0  -32.72814472859258  96.1504249251129  6.353249501355833  73.40809985343164  112.92653882004524  77.98465066943338  79.81951023131616  -225.3595194687217  
42.84159400721299  114.08015584467624  90.07656696926239  -486.1085983271623  46.81541562210677  -524.4859999738554  161.01279786749328  -158.808775459159  50.922572676912154  155.17698314171247  147.42049551704594  119.1166537341355  32.72814472859258  0.0  128.87856965370548  39.081394229948415  106.13624458202422  145.65468354863782  110.71279539802596  112.54765495990874  -192.6313747401291  
-86.0369756464925  -14.798413809029249  -38.8020026844431  -614.9871679808679  -82.06315403159871  -653.364569627561  32.13422821378778  -287.6873451128645  -77.95599697679333  26.298413488006993  18.54192586334044  -9.76191591957  -96.1504249251129  -128.87856965370548  0.0  -89.79717542375707  -22.74232507168127  16.77611389493233  -18.16577425567953  -16.33091469379675  -321.5099443938346  
3.7601997772645745  74.99876161472783  50.99517273931397  -525.1899925571107  7.734021392158354  -563.5673942038038  121.93140363754486  -197.8901696891074  11.841178446963738  116.09558891176407  108.33910128709752  80.03525950418708  -6.353249501355833  -39.081394229948415  89.79717542375707  0.0  67.0548503520758  106.5732893186894  71.63140116807755  73.46626072996033  -231.71276897007752  
-63.29465057481123  7.943911262652023  -16.05967761276183  -592.2448429091866  -59.32082895991745  -630.6222445558797  54.87655328546906  -264.9450200411832  -55.213671905112065  49.040738559688265  41.28425093502171  12.980409152111271  -73.40809985343164  -106.13624458202422  22.74232507168127  -67.0548503520758  0.0  39.5184389666136  4.576550816001742  6.411410377884522  -298.76761932215334  
-102.81308954142483  -31.57452770396158  -55.57811657937543  -631.7632818758002  -98.83926792653105  -670.1406835224932  15.358114318855453  -304.4634590077968  -94.73211087172567  9.522299593074663  1.7658119684081086  -26.53802981450233  -112.92653882004524  -145.65468354863782  -16.77611389493233  -106.5732893186894  -39.5184389666136  0.0  -34.94188815061186  -33.10702858872908  -338.2860582887669  
-67.87120139081297  3.367360446650281  -20.636228428763573  -596.8213937251883  -63.89737977591919  -635.1987953718814  50.300002469467316  -269.52157085718494  -59.79022272111381  44.46418774368652  36.70770011901997  8.40385833610953  -77.98465066943338  -110.71279539802596  18.16577425567953  -71.63140116807755  -4.576550816001742  34.94188815061186  0.0  1.83485956188278  -303.34417013815505  
-69.70606095269575  1.5325008847675008  -22.471087990646353  -598.6562532870711  -65.73223933780197  -637.0336549337642  48.465142907584536  -271.35643041906775  -61.62508228299659  42.62932818180374  34.87284055713719  6.568998774226749  -79.81951023131616  -112.54765495990874  16.33091469379675  -73.46626072996033  -6.411410377884522  33.10702858872908  -1.83485956188278  0.0  -305.17902970003786  
235.4729687473421  306.71153058480536  282.7079417093915  -293.4772235870332  239.44679036223587  -331.8546252337263  353.64417260762235  33.82259928097011  243.55394741704126  347.8083578818416  340.05187025717504  311.7480284742646  225.3595194687217  192.6313747401291  321.5099443938346  231.71276897007752  298.76761932215334  338.2860582887669  303.34417013815505  305.17902970003786  0.0  



slope_matrix
0.0  0.0007637885905163852  0.0004759670794241173  -0.01111006495136264  0.00044449906206865545  -0.011468113886821677  0.0011990989737217686  -0.0022072063207790277  0.00011273686760182986  0.0012430468749322183  0.001905592228677714  0.0010070644273425205  -0.00019363295574613073  -0.0007028973586089088  0.0009179235639228901  -4.815212930291426e-05  0.0008256541948188263  0.0015930134729071092  0.0013117742827756663  0.000845331808788452  -0.0024817977313168435  
-0.0007658413441997769  0.0  -0.0001306957904574423  -0.004269375118593246  -0.0006600406262640513  -0.0044880949945075325  0.00029421164758536256  -0.001528104666277496  -0.002487498352412922  0.00041871449105487763  0.0003568865304257085  0.0001559287272278405  -0.0005640045141159433  -0.0007414060950456635  0.00021884669933494897  -0.0044299327592869355  -4.682805507340263e-05  0.00048124565925867363  -2.434471115276374e-05  -3.074841261572032e-05  -0.0016843027489555483  
-0.00047611100657241604  0.0001302702098958746  0.0  -0.00950173425620753  -0.0004641256447500871  -0.010416314693951151  0.0010313496786599431  -0.015497219329291493  -0.00023846468946325176  0.0005031332882946912  0.000398083502587876  0.00018176182490375604  -0.0007393118762494496  -0.001338831256974768  0.0002470804159679774  -0.00029877299738293416  0.00029220665234282807  0.0003497238647078746  0.0004125595447573685  0.00014310971844762676  -0.018429461649895142  
0.011054340487656746  0.004254847257704797  0.009509575264836189  0.0  0.013563858843198502  -0.010902670922355995  0.0071245337024623545  0.006610782122157207  0.0044951131748897175  0.005671580273006765  0.007542910987548616  0.004899419186119144  0.02906485592155929  0.03643992491208113  0.004702024343850295  0.004172148018407298  0.02038708581442983  0.0062230425716686385  0.02203105919989621  0.0049438950638952105  0.005645964286014491  
-0.0004222977274063528  0.0006554739838488548  0.0004640758565453295  -0.013612363063838291  0.0  -0.013566882346140162  0.0011681401620845591  -0.002409470249370351  5.068686973720084e-05  0.0011326480074380504  0.0019406844115536104  0.0008497031156661033  -0.00032184763293384026  -0.0008918920865328019  0.0008188873103449523  -8.84494669734487e-05  0.0008698068762451239  0.0015173360136096262  0.0013975804850376026  0.0007256014939596199  -0.002694652153525049  
0.011535737982534941  0.004491251623424755  0.010391656525923535  0.011629515650513062  0.013599176757818668  0.0  0.00778710437170679  0.007487248659187069  0.004771611017918298  0.006016846521915439  0.007748892809259616  0.005204193852251887  0.026344576838090304  0.032375679010731816  0.0049996523593728364  0.004437538537037825  0.020205775218067275  0.006428824669248784  0.026949460983109096  0.005265611298840835  0.00646764032807886  
-0.0012010489263164985  -0.0002940089082429182  -0.00103435740592346  -0.007107319013670023  -0.0011725781111550108  -0.007790644366875199  0.0  -0.0039759022044586305  -0.0007709399523149939  -7.690847029231403e-05  -9.109511661716603e-05  -0.0003198178941477693  -0.0011867110677875384  -0.0015453766951482222  -0.0002927414431428239  -0.0008107680273791134  -0.000506474880345815  -9.627704562973579e-05  -0.0007314236217750083  -0.0004171556456152912  -0.004345590717714701  
0.002211321081986753  0.0015293035827383728  0.015363292742495148  -0.006657848308950434  0.002413712772405984  -0.007550634410792823  0.003954272667243475  0.0  0.0013248059082190823  0.0023521118172825993  0.002330334609057187  0.001805296714474144  0.003014430597855706  0.002982324421768244  0.0017948936250264502  0.0012035357958029692  0.006636899299628838  0.0020284041239693323  0.006322345082270348  0.0017946853863694957  -0.006467036191390078  
-0.00011281556149237978  0.0024546281837452034  0.0002398230714578422  -0.0045056730514646745  -5.100791175863617e-05  -0.00475976981264594  0.0007702387545692375  -0.0013258863090368762  0.0  0.0011477844619656322  0.0012754153164173114  0.00214581752854699  -0.00014695442975785132  -0.0003842343067751615  0.0011392079055501  -0.0012296135458944692  0.00037246135931673005  0.0019777058637103478  0.0005070319594402555  0.0012166847439880866  -0.001506190074439656  
-0.0012530299621253472  -0.0004203848946096179  -0.0005012659862976631  -0.005654577034378581  -0.001143042452290648  -0.006012056462764865  7.723418112467959e-05  -0.002369149546905037  -0.001150431578036242  0.0  -5.54074407076688e-05  -0.000520125910970388  -0.0009379387244304517  -0.0012247591408185673  -0.0006813060489120982  -0.001171121221318687  -0.00034782885829370857  -7.543610546680395e-05  -0.00045948318428941327  -0.0008696313378580934  -0.0025719573018157197  
-0.001903511130502966  -0.0003560860800210369  -0.0003984430832947717  -0.007578099208662778  -0.001937321007027521  -0.0077623208813643865  9.097317683185425e-05  -0.0023267933361918163  -0.0012779489185556056  5.5308273790593014e-05  0.0  -0.00029014701981456116  -0.0016590821754441393  -0.0018717686073774242  -0.00014136875467627658  -0.001407001315416851  -0.00042019593826994107  -6.022551051869402e-05  -0.00037882043466480874  -0.00030893728346152716  -0.002536186383182988  
-0.0010064000491743306  -0.00015597701732608386  -0.0001821837312727296  -0.004906568723642464  -0.0008538171718472925  -0.005195791181948744  0.0003197202696379562  -0.0018009683073697152  -0.002143793808777848  0.0005214044159568681  0.00029101215075992635  0.0  -0.000675068445772782  -0.0008714364893857305  0.00025270297487885065  -0.0022847633315497312  -8.516769996792383e-05  0.00033845210833442584  -7.367927701305918e-05  -0.0003150598932482853  -0.0019750888778146515  
0.00019326293289930073  0.0005638090728122784  0.0007416063913186319  -0.028985292908142734  0.00032184763293384026  -0.02601373224567918  0.0011889217158378193  -0.003002146084447517  0.00014678844653747132  0.0009409008637860758  0.0016464592418669731  0.0006746993830486014  0.0  -0.0029888716647116513  0.0006717558139989583  4.9766955204103346e-05  0.0024115670122677934  0.001262454318837845  0.00177560680030586  0.0005892478239429807  -0.003400626519823777  
0.0007011717513455482  0.0007392920474672817  0.0013422227234281387  -0.03527638594536737  0.0008910433121832274  -0.032375679010731816  0.001546712755691578  -0.0029639562422388763  0.0003836842425927679  0.0012272776268721327  0.0018459866706366883  0.0008706721272870075  0.0027296200774472546  0.0  0.0008939843346631253  0.00028297295076351033  0.005363125042042659  0.0014616626547781016  0.0029050851586991857  0.0008370344709200412  -0.0034367774262288866  
-0.0009166522016459886  -0.00021975666482074917  -0.00024761651213413424  -0.004703822551137874  -0.0008253276546710655  -0.005011156215026315  0.0002926081607520286  -0.0018052556466943888  -0.0011368819742860338  0.0006686603988814389  0.00014345784033532253  -0.00025088450063145723  -0.0006736950058163333  -0.000894791224545278  0.0  -0.0012813523890376293  -0.00014367233593198228  0.0001519575533961262  -0.0001561170011660324  -0.0009067692778343559  -0.0019838822689841147  
4.810284990743987e-05  0.004352801022328951  0.0002987204926385607  -0.004177125527377004  8.883553172706586e-05  -0.00442256449975519  0.0008071185783911092  -0.0011990872771011271  0.0012245272437397868  0.001166895386635616  0.0014053586883784864  0.0023118214761463627  -4.966968572711933e-05  -0.000284145661116391  0.001283917292304219  0.0  0.00043322684036746224  0.0021626073319539244  0.0005772443120271859  0.0014084789250375829  -0.0013747094045236394  
-0.000819878893456104  4.659732087430797e-05  -0.0002941871700450967  -0.01998801359801507  -0.0008642311911409885  -0.020089909033318882  0.0005049834663243679  -0.006501718283219221  -0.00037100975611552257  0.0003472599068111786  0.00041844973581007204  8.486700982093017e-05  -0.002384153941326133  -0.005312124353454665  0.00014310189192117786  -0.0004319709486057837  0.0  0.0003336297084560034  9.927442117140438e-05  4.2654583047598444e-05  -0.007086518484870809  
-0.0015949905296528829  -0.00048124565925867363  -0.00034843029640383317  -0.006226109016219574  -0.0015220090533805213  -0.0064171280620750094  9.645844943383653e-05  -0.0020201941411173564  -0.0019897523812586783  7.563984107613522e-05  6.0266620082188005e-05  -0.00033901417749747484  -0.0012695507455879173  -0.0014775277292416091  -0.0001496531123544365  -0.0021758531914799796  -0.00033470347223353607  0.0  -0.00031684700898269733  -0.0003535187249196912  -0.002208421845467861  
-0.0013112674148147792  2.42535324593077e-05  -0.00041338598615311647  -0.022244554369183312  -0.0013963588237744578  -0.02699527392145692  0.000731104687056211  -0.0062898849674955645  -0.0005069932648846682  0.00045660492651146563  0.00037679839990782145  7.349242095417166e-05  -0.0017771849016529563  -0.0029012787053990033  0.00015539584478767776  -0.000577467682177917  -0.00010018718949215722  0.00031762465367341023  0.0  1.6441393923680826e-05  -0.006541819498342787  
-0.0008442056552342951  3.087229824269744e-05  -0.00014321004391464122  -0.004916690647889874  -0.0007290621044565436  -0.005247394192205636  0.0004169044551190068  -0.0017872385590401616  -0.001211422887418844  0.0008617208041601727  0.0003087458216656679  0.0003097123420191772  -0.0005890304053672508  -0.000833871637844771  0.0009022604803202624  -0.001402563205993897  -4.254984322992117e-05  0.00035182814653272133  -1.6445814841649012e-05  0.0  -0.0019644610859352292  
0.002482582696334656  0.0016843027489555483  0.01840546495503851  -0.005651400415694843  0.0026949554345777815  -0.006481535649096217  0.004334405841495555  0.006888513091847273  0.0015036886073250227  0.00255739559181066  0.002534296245768185  0.001977971121592948  0.0033985751691859704  0.003438617899680991  0.0019749859905881443  0.0013785533957430662  0.007044744619715947  0.0022129002308416755  0.006553125300024953  0.0019706769320679187  0.0  
