Height_Data

node	height
0	17.949595493900915
1	47.49824279442075
2	4.391700697762829
3	22.50048597729898
4	38.864971663734245
5	62.834029957439895
6	63.81909481167011
7	4.415574944194424
8	32.49380363713517
9	24.599915260970693
10	23.706030446890534
11	25.444327030279744
12	17.461217624215767
13	15.653269901759858
14	21.098698941380135
15	27.984161570990757
16	9.37239346308079
17	28.881408070829107
18	13.985556742376136
19	4.583238750136285
20	20.068784436852404



height_matrix
0.0  -1034.2026555181942  474.526317864833  -159.28116691893229  -732.0381659441666  -1570.9552062238643  -1605.432476121922  473.6907192397272  -509.0472850131989  -232.7611918474422  -201.47522335463668  -262.315603773259  17.0932254389802  80.37139572493697  -110.21862066177266  -351.20981269814445  300.20207107870436  -382.6134401924867  138.74135630336724  467.8224860317621  -74.17161300330213  
1034.2026555181942  0.0  1508.728973383027  874.9214885992619  302.1644895740276  -536.75255070567  -571.2298206037278  1507.8933747579213  525.1553705049953  801.441463670752  832.7274321635575  771.8870517449352  1051.2958809571744  1114.5740512431312  923.9840348564215  682.9928428200498  1334.4047265968986  651.5892153257075  1172.9440118215614  1502.0251415499563  960.0310425148921  
-474.526317864833  -1508.728973383027  0.0  -633.8074847837653  -1206.5644838089997  -2045.4815240886974  -2079.958793986755  -0.8355986251058312  -983.5736028780319  -707.2875097122752  -676.0015412194697  -736.841921638092  -457.4330924258528  -394.15492213989603  -584.7449385266057  -825.7361305629775  -174.32424678612864  -857.1397580573197  -335.78496156146576  -6.70383183307095  -548.6979308681351  
159.28116691893229  -874.9214885992619  633.8074847837653  0.0  -572.7569990252343  -1411.674039304932  -1446.1513092029898  632.9718861586595  -349.76611809426663  -73.48002492850992  -42.1940564357044  -103.03443685432671  176.37439235791248  239.65256264386926  49.062546257159624  -191.92864577921216  459.48323799763665  -223.3322732735544  298.0225232222995  627.1036529506944  85.10955391563016  
732.0381659441666  -302.1644895740276  1206.5644838089997  572.7569990252343  0.0  -838.9170402796976  -873.3943101777554  1205.728885183894  222.9908809309677  499.2769740967244  530.5629425895299  469.7225621709076  749.1313913831468  812.4095616691036  621.819545282394  380.8283532460222  1032.240237022871  349.42472575167994  870.7795222475338  1199.8606519759287  657.8665529408645  
1570.9552062238643  536.75255070567  2045.4815240886974  1411.674039304932  838.9170402796976  0.0  -34.477269898057784  2044.6459254635915  1061.9079212106653  1338.194014376422  1369.4799828692276  1308.6396024506053  1588.0484316628445  1651.3266019488012  1460.7365855620915  1219.74539352572  1871.1572773025687  1188.3417660313776  1709.6965625272314  2038.7776922556263  1496.7835932205621  
1605.432476121922  571.2298206037278  2079.958793986755  1446.1513092029898  873.3943101777554  34.477269898057784  0.0  2079.1231953616493  1096.3851911087231  1372.6712842744798  1403.9572527672854  1343.116872348663  1622.5257015609022  1685.803871846859  1495.2138554601493  1254.2226634237777  1905.6345472006265  1222.8190359294354  1744.1738324252892  2073.254962153684  1531.26086311862  
-473.6907192397272  -1507.8933747579213  0.8355986251058312  -632.9718861586595  -1205.728885183894  -2044.6459254635915  -2079.1231953616493  0.0  -982.7380042529261  -706.4519110871694  -675.1659425943639  -736.0063230129862  -456.597493800747  -393.3193235147902  -583.9093399014998  -824.9005319378716  -173.4886481610228  -856.3041594322139  -334.94936293635993  -5.868233207965119  -547.8623322430293  
509.0472850131989  -525.1553705049953  983.5736028780319  349.76611809426663  -222.9908809309677  -1061.9079212106653  -1096.3851911087231  982.7380042529261  0.0  276.2860931657567  307.57206165856223  246.73168123993992  526.1405104521791  589.4186807381359  398.82866435142626  157.83747231505447  809.2493560919033  126.43384482071224  647.7886413165661  976.869771044961  434.8756720098968  
232.7611918474422  -801.441463670752  707.2875097122752  73.48002492850992  -499.2769740967244  -1338.194014376422  -1372.6712842744798  706.4519110871694  -276.2860931657567  0.0  31.285968492805523  -29.554411925816794  249.8544172864224  313.1325875723792  122.54257118566954  -118.44862085070224  532.9632629261466  -149.85224834504447  371.50254815080945  700.5836778792043  158.58957884414008  
201.47522335463668  -832.7274321635575  676.0015412194697  42.1940564357044  -530.5629425895299  -1369.4799828692276  -1403.9572527672854  675.1659425943639  -307.57206165856223  -31.285968492805523  0.0  -60.84038041862232  218.56844879361688  281.84661907957366  91.25660269286402  -149.73458934350776  501.67729443334105  -181.13821683785  340.2165796580039  669.2977093863988  127.30361035133456  
262.315603773259  -771.8870517449352  736.841921638092  103.03443685432671  -469.7225621709076  -1308.6396024506053  -1343.116872348663  736.0063230129862  -246.73168123993992  29.554411925816794  60.84038041862232  0.0  279.4088292122392  342.686999498196  152.09698311148634  -88.89420892488545  562.5176748519634  -120.29783641922768  401.05696007662624  730.1380898050211  188.14399076995687  
-17.0932254389802  -1051.2958809571744  457.4330924258528  -176.37439235791248  -749.1313913831468  -1588.0484316628445  -1622.5257015609022  456.597493800747  -526.1405104521791  -249.8544172864224  -218.56844879361688  -279.4088292122392  0.0  63.278170285956776  -127.31184610075286  -368.30303813712464  283.10884563972417  -399.7066656314669  121.64813086438704  450.7292605927819  -91.26483844228233  
-80.37139572493697  -1114.5740512431312  394.15492213989603  -239.65256264386926  -812.4095616691036  -1651.3266019488012  -1685.803871846859  393.3193235147902  -589.4186807381359  -313.1325875723792  -281.84661907957366  -342.686999498196  -63.278170285956776  0.0  -190.59001638670964  -431.5812084230814  219.8306753537674  -462.98483591742365  58.369960578430266  387.4510903068251  -154.5430087282391  
110.21862066177266  -923.9840348564215  584.7449385266057  -49.062546257159624  -621.819545282394  -1460.7365855620915  -1495.2138554601493  583.9093399014998  -398.82866435142626  -122.54257118566954  -91.25660269286402  -152.09698311148634  127.31184610075286  190.59001638670964  0.0  -240.99119203637179  410.420691740477  -272.394819530714  248.9599769651399  578.0411066935347  36.047007658470534  
351.20981269814445  -682.9928428200498  825.7361305629775  191.92864577921216  -380.8283532460222  -1219.74539352572  -1254.2226634237777  824.9005319378716  -157.83747231505447  118.44862085070224  149.73458934350776  88.89420892488545  368.30303813712464  431.5812084230814  240.99119203637179  0.0  651.4118837768488  -31.40362749434223  489.9511690015117  819.0322987299065  277.0381996948423  
-300.20207107870436  -1334.4047265968986  174.32424678612864  -459.48323799763665  -1032.240237022871  -1871.1572773025687  -1905.6345472006265  173.4886481610228  -809.2493560919033  -532.9632629261466  -501.67729443334105  -562.5176748519634  -283.10884563972417  -219.8306753537674  -410.420691740477  -651.4118837768488  0.0  -682.8155112711911  -161.46071477533712  167.6204149530577  -374.3736840820065  
382.6134401924867  -651.5892153257075  857.1397580573197  223.3322732735544  -349.42472575167994  -1188.3417660313776  -1222.8190359294354  856.3041594322139  -126.43384482071224  149.85224834504447  181.13821683785  120.29783641922768  399.7066656314669  462.98483591742365  272.394819530714  31.40362749434223  682.8155112711911  0.0  521.3547964958539  850.4359262242488  308.44182718918455  
-138.74135630336724  -1172.9440118215614  335.78496156146576  -298.0225232222995  -870.7795222475338  -1709.6965625272314  -1744.1738324252892  334.94936293635993  -647.7886413165661  -371.50254815080945  -340.2165796580039  -401.05696007662624  -121.64813086438704  -58.369960578430266  -248.9599769651399  -489.9511690015117  161.46071477533712  -521.3547964958539  0.0  329.0811297283948  -212.91296930666937  
-467.8224860317621  -1502.0251415499563  6.70383183307095  -627.1036529506944  -1199.8606519759287  -2038.7776922556263  -2073.254962153684  5.868233207965119  -976.869771044961  -700.5836778792043  -669.2977093863988  -730.1380898050211  -450.7292605927819  -387.4510903068251  -578.0411066935347  -819.0322987299065  -167.6204149530577  -850.4359262242488  -329.0811297283948  0.0  -541.9940990350642  
74.17161300330213  -960.0310425148921  548.6979308681351  -85.10955391563016  -657.8665529408645  -1496.7835932205621  -1531.26086311862  547.8623322430293  -434.8756720098968  -158.58957884414008  -127.30361035133456  -188.14399076995687  91.26483844228233  154.5430087282391  -36.047007658470534  -277.0381996948423  374.3736840820065  -308.44182718918455  212.91296930666937  541.9940990350642  0.0  



slope_matrix
0.0  -0.016634808118225448  0.005132677690745825  -0.0027739183733987965  -0.011344152579330026  -0.018712986375507615  -0.020386444141230756  0.005556489375246066  -0.008559588455099106  -0.00275098914841558  -0.01059838102865001  -0.008811111611073159  0.00026480597116932916  0.0009475524136399078  -0.001275516087787118  -0.004885989520153371  0.0030868790149068326  -0.006379974324131441  0.001691761447425524  0.00568228453822133  -0.0015627907756537395  
0.016799640283916673  0.0  0.011285194765414478  0.010089039305803297  0.030126070745167256  -0.009581445032232596  -0.011154653790348131  0.010733024711603742  0.0067370798012186695  0.021796069177882838  0.01200241326266298  0.011157661921724996  0.018925218379067046  0.03984891137801685  0.031524532066066924  0.008255685275233286  0.011936709245879763  0.042421172872767414  0.018902902641723122  0.01091818145939156  0.011212696128414997  
-0.0050815608775227885  -0.011141026675205671  0.0  -0.008691700398839364  -0.008993407054278067  -0.011624630026475739  -0.012223475379121862  -4.598731027208458e-06  -0.010824916938632563  -0.0042604858094480195  -0.008247843989451931  -0.011356821282626531  -0.003992120125199441  -0.002614088791955857  -0.0035456063116680453  -0.008249853938545697  -0.0016031142511667967  -0.00620347075766492  -0.002499794986498908  -3.7497241517999295e-05  -0.009448579881322068  
0.002771505053312667  -0.010031202575088993  0.008626634791737765  0.0  -0.0066981288624164935  -0.010954248772444572  -0.01169363070431786  0.004447182175061367  -0.01725535856409801  -0.0006161330280773932  -0.0009162661549555786  -0.00302331094056123  0.003271645193060888  0.002374913909858976  0.0004210293165464655  -0.006682752290362541  0.010260903037017344  -0.002433608731323465  0.004097656032205411  0.00449823653047962  0.0038633478854121724  
0.011284695019950155  -0.029110259111177993  0.00908482342433232  0.0066910864372106815  0.0  -0.012634292775296652  -0.014215402183882737  0.008337163241741476  0.0029939699373115964  0.010589119280948555  0.007630705344305047  0.006877343516411532  0.01497963190128268  0.033695958592662945  0.015666907162569764  0.00480479880451706  0.009715202230803492  0.014141024919129096  0.015898550733920026  0.00846755246593834  0.007763353232722026  
0.018730835891544822  0.009576316694124355  0.011786054382220197  0.010998629055745477  0.012695475791157651  0.0  -0.005271753807042475  0.015238082616363032  0.008709874681846008  0.05376432359889201  0.013541777740227703  0.012014686030578455  0.01505830107778157  0.02116271436561324  0.03422531831213898  0.009581660593289238  0.011881872474616261  0.027412728166813786  0.014476562963287622  0.01693477607987064  0.011890559208933605  
0.0203838557151082  0.01110046289552522  0.012348292838363315  0.011734431265847044  0.014236256074617041  0.005215925854471677  0.0  0.016010374133586292  0.009386055912239732  0.06136214949818864  0.014621508568707408  0.012938222448209835  0.016168666682221246  0.022836682089499582  0.03780566006220352  0.010264527894457628  0.01252059492247455  0.03236683525488183  0.015446101952048258  0.01763721788305984  0.012679149317865528  
-0.0055532323474762856  -0.01070407234106325  4.65639070673958e-06  -0.004455007257540835  -0.0083084956255781  -0.015215403523318884  -0.01602394737120831  0.0  -0.006818366654313965  -0.004939152429103966  -0.006740874027499639  -0.006470328375249326  -0.0030619467127196015  -0.002337290964551879  -0.0037153577535234557  -0.005254779444250397  -0.0009484866856614573  -0.006670542096207195  -0.0020023276120059775  -0.0001651162973541114  -0.00416812358581439  
0.0086659621901772  -0.0067224189772784855  0.010819082430927301  0.017280934688451908  -0.0029951763724777396  -0.008677845233395974  -0.009357217641962304  0.0068435317598967  0.0  0.002508043692499607  0.006499832241305204  0.006145247353423161  0.01386769927391089  0.006570267313991037  0.003712451497267302  0.012626997785204357  0.02022112334062727  0.0015174489296772952  0.011440986247201803  0.006943864281921233  0.01162147707134946  
0.002750339026910578  -0.02171339646899897  0.0043206059200143875  0.0006200845985528264  -0.01063649284398646  -0.053721156739318425  -0.06125262312692904  0.004935701637570962  -0.0025069058448939  0.0  0.0003248802543385828  -0.00029822817281348937  0.002791981420118699  0.005684018652611711  0.00657064724856137  -0.0010292719920985596  0.003676369337974385  -0.005274630353574251  0.0037540298516669135  0.0051555204789109155  0.001366444759987421  
0.010615132948084124  -0.01197651995057612  0.008377657250740104  0.000924092344189759  -0.007683750073707892  -0.013483114924379517  -0.014568405652872112  0.006759094429816437  -0.006446700097643308  -0.00032260227359048795  0.0  -0.00337814438748597  0.0035562715391086377  0.003289910342938878  0.0009547667157654741  -0.0024905952984615397  0.005868257040979542  -0.0026198758582275093  0.004199686207357165  0.006816353084697004  0.0035659274608216963  
0.008855730858960163  -0.010951859417493406  0.011469963444499494  0.003148012125094003  -0.006783976923323333  -0.012003665404977116  -0.012936976231445416  0.006481724714119525  -0.0062765627382330175  0.0002935479929064044  0.0033428780449792483  0.0  0.0049566937947887035  0.003996349848375463  0.0015320002327909583  -0.001718758873257646  0.007440709984814331  -0.0016515353709394246  0.005282625923032485  0.006599760372816128  0.009150972313713856  
-0.0002614442557201009  -0.018969611709801056  0.003971393902049389  -0.0032326684816332933  -0.015012653133930798  -0.015107005628451716  -0.016238247613699984  0.003050898662306207  -0.013623524351428771  -0.002811776021679298  -0.0035481891037924818  -0.004982325770546348  0.0  0.0010615361564495348  -0.001502559260011246  -0.00992463050760239  0.0045766059754239275  -0.006213378915458835  0.005882404780676356  0.003071618240376052  -0.0015180193017794502  
-0.0009444347323729374  -0.03989169832652581  0.002625406625812764  -0.0023751492828926585  -0.03373793860752091  -0.021176283687468597  -0.022898721432312672  0.0023189630535628216  -0.006582741576257939  -0.005690216019850612  -0.0032730997454369255  -0.004043027365481311  -0.0010511323967766907  0.0  -0.004664464424540128  -0.00464615360558813  0.0018558942621677281  -0.01143737242879011  0.0010694386328037792  0.002324381128482963  -0.0015188502086313424  
0.0012842849729293839  -0.03153529129202804  0.0035906745339396484  -0.0004228800746178213  -0.01581031134712418  -0.0341293594757498  -0.037863100923275494  0.0037160671026181965  -0.0037186821850948835  -0.006567126001375646  -0.0009563676660329492  -0.0015485337315362079  0.0015004342498615541  0.0046656062762964415  0.0  -0.002151130875982967  0.002908928285069651  -0.009659390763500498  0.002779812159056944  0.003841570457191033  0.00031367044603611673  
0.004925044000198349  -0.008209048591587137  0.008195810766771321  0.006641129611737445  -0.004810868535194823  -0.009555388903452564  -0.010242733061852003  0.005276965551255888  -0.012457574768354733  0.0010278429438623936  0.0025001601159376817  0.0016861572254340941  0.010076690509907652  0.004650158478860914  0.002141953533342563  0.0  0.020523373779988932  -0.00035524465491337364  0.00905974794751316  0.005339158797725611  0.005729849011268714  
-0.0030840249337761513  -0.012099054552515174  0.0016029668397175992  -0.010254033429985196  -0.00982992321705429  -0.011869059798937955  -0.01253294670963911  0.0009495249227524495  -0.02020093250354227  -0.003698308673417158  -0.005838888436142237  -0.0073149242503506295  -0.0046464606210360115  -0.0018755283282464584  -0.002939976301865881  -0.020818532559183405  0.0  -0.005803786751136346  -0.0023165095376662427  0.0009323070395796102  -0.0057613678682980375  
0.006435778038930997  -0.04247648079046333  0.006297358465203544  0.002447476967381418  -0.014262233704150203  -0.027457064834366395  -0.03246134950701979  0.006663275201595302  -0.0015179954955062101  0.005243255715361948  0.002623290613147719  0.0016742913906642684  0.006184537608408895  0.011465696778539466  0.00962866099436953  0.00035621174562547905  0.005791971424812885  0.0  0.006853618989034493  0.006768238424081374  0.0034730528903184838  
-0.0016764301148304403  -0.019087468256359725  0.0025067558644997147  -0.004145535167927383  -0.016009625163125034  -0.014554201143492705  -0.015481611493110208  0.001991375522808323  -0.011580061517993673  -0.0037823128266949984  -0.0042373468633454215  -0.005363875352101461  -0.006116044789561943  -0.0010637864147700067  -0.0027929097707554396  -0.009187158616191855  0.002280518570273123  -0.0068509171681452544  0.0  0.0019910523337874804  -0.002698824571962193  
-0.005686428662109664  -0.01093734174288179  3.7998842735435206e-05  -0.004526810987798358  -0.008475387807981414  -0.016960133867861462  -0.017457519048111183  0.0001642382649864293  -0.00694880368645095  -0.005154003368492638  -0.006817741768222458  -0.006594395731659044  -0.003096305973708744  -0.002352037214270777  -0.003843613981604726  -0.005338114844652688  -0.0009345421521571451  -0.006783354413893554  -0.0020099012381872275  0.0  -0.004220776249971297  
0.0015277051554716098  -0.011216626270766352  0.009535773289795713  -0.003905899674879769  -0.007801097509081756  -0.011864169255077378  -0.012659233326046791  0.004135403055857288  -0.011798037764782875  -0.0013566259952449964  -0.003428591714283182  -0.008591049806847346  0.001534843066870982  0.0015325566117437436  -0.0003137250448953049  -0.005778852726216986  0.005789880669378387  -0.00346330369626302  0.002688193241501829  0.004183312100362487  0.0  
