Height_Data

node	height
0	88.57666782888911
1	55.83424454348918
2	132.89443845904046
3	36.953378724147036
4	113.84052797433844
5	145.5578909332744
6	123.90952890276026
7	107.43417118285217
8	97.44015965199956
9	28.644177811318833
10	25.1614548067804
11	101.2018912470822
12	28.79712948238835
13	65.57263538165238
14	130.6527650311312
15	15.216769866213108
16	23.5010860757605
17	51.89037522919931
18	38.731895782703
19	128.66063072081775
20	34.49045775577266



height_matrix
0.0  196.4545397123996  -265.90662378090815  309.7397346284524  -151.583160872696  -341.8873386263117  -211.9971664432269  -113.1450201237783  -53.180950938662704  359.59494010542164  380.49127813265227  -75.75134050915858  358.6772300790046  138.02419468342043  -252.45658321345252  440.159387776056  390.4534905187717  220.11775559813884  299.06863227711665  -240.5037773515719  324.5172604386987  
-196.4545397123996  0.0  -462.36116349330774  113.28519491605283  -348.0377005850956  -538.3418783387112  -408.4517061556265  -309.5995598361779  -249.6354906510623  163.14040039302205  184.03673842025265  -272.2058802215582  162.22269036660498  -58.43034502897916  -448.9111229258521  243.7048480636564  193.99895080637205  23.66321588573925  102.61409256471705  -436.9583170639715  128.06272072629912  
265.90662378090815  462.36116349330774  0.0  575.6463584093606  114.32346290821215  -75.98071484540355  53.90945733768126  152.76160365712985  212.72567284224544  625.5015638863298  646.3979019135604  190.15528327174957  624.5838538599128  403.9308184643286  13.45004056745563  706.0660115569642  656.3601142996798  486.024379379047  564.9752560580248  25.40284642933625  590.4238842196069  
-309.7397346284524  -113.28519491605283  -575.6463584093606  0.0  -461.3228955011484  -651.6270732547641  -521.7369010716793  -422.8847547522307  -362.92068556711513  49.85520547696922  70.75154350419982  -385.491075137611  48.93749545055215  -171.715539945032  -562.1963178419049  130.41965314760358  80.71375589031922  -89.62197903031358  -10.671102351335776  -550.2435119800243  14.777525810246289  
151.583160872696  348.0377005850956  -114.32346290821215  461.3228955011484  0.0  -190.3041777536157  -60.41400557053089  38.438140748917704  98.4022099340333  511.17810097811764  532.0744390053483  75.83182036353742  510.2603909517006  289.60735555611643  -100.87342234075652  591.7425486487521  542.0366513914677  371.70091647083484  450.65179314981265  -88.9206164788759  476.1004213113947  
341.8873386263117  538.3418783387112  75.98071484540355  651.6270732547641  190.3041777536157  0.0  129.89017218308481  228.7423185025334  288.706387687649  701.4822787317333  722.378616758964  266.1359981171531  700.5645687053163  479.91153330973214  89.43075541285918  782.0467264023678  732.3408291450834  562.0050942244505  640.9559709034284  101.3835612747398  666.4045990650104  
211.9971664432269  408.4517061556265  -53.90945733768126  521.7369010716793  60.41400557053089  -129.89017218308481  0.0  98.8521463194486  158.81621550456418  571.5921065486485  592.4884445758792  136.2458259340683  570.6743965222315  350.0213611266473  -40.45941677022563  652.156554219283  602.4506569619986  432.11492204136573  511.06579872034354  -28.50661090834501  536.5144268819256  
113.1450201237783  309.5995598361779  -152.76160365712985  422.8847547522307  -38.438140748917704  -228.7423185025334  -98.8521463194486  0.0  59.96406918511559  472.73996022919994  493.63629825643056  37.393679614619714  471.82225020278287  251.16921480719873  -139.31156308967422  553.3044078998344  503.59851064254997  333.26277572191714  412.21365240089494  -127.3587572277936  437.662280562477  
53.180950938662704  249.6354906510623  -212.72567284224544  362.92068556711513  -98.4022099340333  -288.706387687649  -158.81621550456418  -59.96406918511559  0.0  412.77589104408435  433.672229071315  -22.570389570495877  411.8581810176673  191.20514562208314  -199.2756322747898  493.3403387147187  443.6344414574344  273.29870653680155  352.24958321577935  -187.3228264129092  377.6982113773614  
-359.59494010542164  -163.14040039302205  -625.5015638863298  -49.85520547696922  -511.17810097811764  -701.4822787317333  -571.5921065486485  -472.73996022919994  -412.77589104408435  0.0  20.8963380272306  -435.3462806145802  -0.917710026417069  -221.5707454220012  -612.0515233188742  80.56444767063437  30.858550413350002  -139.4771845072828  -60.526307828304994  -600.0987174569935  -35.07767966672293  
-380.49127813265227  -184.03673842025265  -646.3979019135604  -70.75154350419982  -532.0744390053483  -722.378616758964  -592.4884445758792  -493.63629825643056  -433.672229071315  -20.8963380272306  0.0  -456.24261864181085  -21.814048053647667  -242.4670834492318  -632.9478613461048  59.66810964340377  9.962212386119404  -160.3735225345134  -81.42264585553559  -620.9950554842242  -55.97401769395353  
75.75134050915858  272.2058802215582  -190.15528327174957  385.491075137611  -75.83182036353742  -266.1359981171531  -136.2458259340683  -37.393679614619714  22.570389570495877  435.3462806145802  456.24261864181085  0.0  434.42857058816315  213.775535192579  -176.70524270429394  515.9107282852146  466.20483102793025  295.8690961072974  374.81997278627523  -164.75243684241332  400.2686009478573  
-358.6772300790046  -162.22269036660498  -624.5838538599128  -48.93749545055215  -510.2603909517006  -700.5645687053163  -570.6743965222315  -471.82225020278287  -411.8581810176673  0.917710026417069  21.814048053647667  -434.42857058816315  0.0  -220.65303539558414  -611.133813292457  81.48215769705143  31.77626043976707  -138.55947448086573  -59.608597801887925  -599.1810074305765  -34.15996964030586  
-138.02419468342043  58.43034502897916  -403.9308184643286  171.715539945032  -289.60735555611643  -479.91153330973214  -350.0213611266473  -251.16921480719873  -191.20514562208314  221.5707454220012  242.4670834492318  -213.775535192579  220.65303539558414  0.0  -390.48077789687295  302.1351930926356  252.4292958353512  82.09356091471841  161.04443759369622  -378.52797203499233  186.49306575527828  
252.45658321345252  448.9111229258521  -13.45004056745563  562.1963178419049  100.87342234075652  -89.43075541285918  40.45941677022563  139.31156308967422  199.2756322747898  612.0515233188742  632.9478613461048  176.70524270429394  611.133813292457  390.48077789687295  0.0  692.6159709895085  642.9100737322242  472.57433881159136  551.5252154905692  11.95280586188062  576.9738436521512  
-440.159387776056  -243.7048480636564  -706.0660115569642  -130.41965314760358  -591.7425486487521  -782.0467264023678  -652.156554219283  -553.3044078998344  -493.3403387147187  -80.56444767063437  -59.66810964340377  -515.9107282852146  -81.48215769705143  -302.1351930926356  -692.6159709895085  0.0  -49.70589725728436  -220.04163217791717  -141.09075549893936  -680.663165127628  -115.6421273373573  
-390.4534905187717  -193.99895080637205  -656.3601142996798  -80.71375589031922  -542.0366513914677  -732.3408291450834  -602.4506569619986  -503.59851064254997  -443.6344414574344  -30.858550413350002  -9.962212386119404  -466.20483102793025  -31.77626043976707  -252.4292958353512  -642.9100737322242  49.70589725728436  0.0  -170.3357349206328  -91.384858241655  -630.9572678703436  -65.93623008007293  
-220.11775559813884  -23.66321588573925  -486.024379379047  89.62197903031358  -371.70091647083484  -562.0050942244505  -432.11492204136573  -333.26277572191714  -273.29870653680155  139.4771845072828  160.3735225345134  -295.8690961072974  138.55947448086573  -82.09356091471841  -472.57433881159136  220.04163217791717  170.3357349206328  0.0  78.9508766789778  -460.62153294971074  104.39950484055987  
-299.06863227711665  -102.61409256471705  -564.9752560580248  10.671102351335776  -450.65179314981265  -640.9559709034284  -511.06579872034354  -412.21365240089494  -352.24958321577935  60.526307828304994  81.42264585553559  -374.81997278627523  59.608597801887925  -161.04443759369622  -551.5252154905692  141.09075549893936  91.384858241655  -78.9508766789778  0.0  -539.5724096286885  25.448628161582064  
240.5037773515719  436.9583170639715  -25.40284642933625  550.2435119800243  88.9206164788759  -101.3835612747398  28.50661090834501  127.3587572277936  187.3228264129092  600.0987174569935  620.9950554842242  164.75243684241332  599.1810074305765  378.52797203499233  -11.95280586188062  680.663165127628  630.9572678703436  460.62153294971074  539.5724096286885  0.0  565.0210377902706  
-324.5172604386987  -128.06272072629912  -590.4238842196069  -14.777525810246289  -476.1004213113947  -666.4045990650104  -536.5144268819256  -437.662280562477  -377.6982113773614  35.07767966672293  55.97401769395353  -400.2686009478573  34.15996964030586  -186.49306575527828  -576.9738436521512  115.6421273373573  65.93623008007293  -104.39950484055987  -25.448628161582064  -565.0210377902706  0.0  



slope_matrix
0.0  0.003090365576724864  -0.02047010190769116  0.01024610435423263  -0.00502596687243687  -0.006093162335168628  -0.0074831333019141156  -0.006285834451321017  -0.002456394962524836  0.005298289967664972  0.006074254120891639  -0.0030373432441523087  0.006510632046595716  0.005216333888262299  -0.030054355144458634  0.005800729939062415  0.007615632738809668  0.004701361717175114  0.010482601902457646  -0.004271825530223302  0.014365527243855631  
-0.0030937722789354267  0.0  -0.00630865279701607  0.0020327506713808154  -0.0038338587859120467  -0.057762004113595625  -0.004727450302727159  -0.0039085918423958825  -0.0033982506214410876  0.0012585080644374146  0.001491021132789862  -0.003557316782822245  0.0013856778396580279  -0.0006734710123211061  -0.006372052844937574  0.0018034844080785644  0.004245982727213221  0.0013160854218987345  0.002900341790975609  -0.0325845128310195  0.0018714411913824218  
0.020454355675454474  0.006302633090148688  0.0  0.016174384894896334  0.005612344767217091  -0.0011529698762580206  0.0027802711365488013  0.017742346533929136  0.01130917984275627  0.011262181560790958  0.0126151034721616  0.009446362805352685  0.014606390258878716  0.028586752899103226  0.0017265777365154853  0.010904325980401294  0.011128520079682602  0.008585486298870288  0.014743613153915052  0.0003843674750996558  0.022717348373205343  
-0.010273291364127775  -0.0020287463272932096  -0.01587114304961016  0.0  -0.012214003058012932  -0.013040365684505987  -0.015349717595518661  -0.009859751801171152  -0.017790229684662505  0.0006126976216906626  0.0009433539133893309  -0.016431844635021783  0.0006578504563859678  -0.0035759171167228654  -0.015673161913629913  0.001353181709354675  0.0030105839571174645  -0.002293295266896458  -0.00045351051216896627  -0.010876527218423094  0.00032146020905473763  
0.005015988116237459  0.0038215664593409127  -0.0055767542882054705  0.012220474053010555  0.0  -0.0022895112819251166  -0.010398279788387416  0.0015701854881093834  0.0049275017493256535  0.010864571752988685  0.013222525820212432  0.004930547487876295  0.012734224880252073  0.014982273955308661  -0.0037766163362319923  0.009535007229274122  0.009339018804125907  0.005061286988981956  0.00817731433768486  -0.0010673462546978262  0.010965002793905913  
0.006147947107108644  0.057515157942170006  0.001161784630663663  0.013009125040023242  0.0023047617506796137  0.0  0.001633633155365172  0.003212673012676031  0.004267017258168031  0.00578542085551945  0.006278823266049231  0.003763235267493681  0.0064454698982005535  0.00608484256763956  0.001438487299547357  0.006165129888863759  0.018285663649065753  0.0448527609117678  0.022147752968328552  0.021209950057476945  0.011143889616471746  
0.007428071704387767  0.004700790725694861  -0.0027476787633884435  0.015413202395027454  0.010416207856988085  -0.0016346611148135516  0.0  0.003997256219953441  0.010489842503603975  0.011096721152177219  0.013254775046440249  0.011186028401811848  0.012815504076403134  0.016026619099205462  -0.0015823002256638886  0.009803916930536425  0.011066323603269628  0.006255282600483001  0.01007026204375061  -0.00035619461094257236  0.01238491290124482  
0.006476532348241459  0.003925939130562743  -0.01778365583901395  0.0099807589037581  -0.001603593689984051  -0.0032041226852855217  -0.0041257156226814935  0.0  0.0023178998525363584  0.008811555642669151  0.00971342578229891  0.001375273248055157  0.0115639874072396  0.02052036068686264  -0.014186513552919982  0.009246397190839478  0.007625658852855087  0.005365686294025392  0.009406975180303399  -0.001779250589938441  0.018971056808083097  
0.0025014558296642853  0.0033761900277395496  -0.011010645592248729  0.017643202993053726  -0.0049225717825929615  -0.004251308904250464  -0.010476003661250935  -0.002273950291434038  0.0  0.0066362683447601985  0.007767727549190667  -0.0030791800232600106  0.007458496577646999  0.006293783595196944  -0.010049199812142704  0.006389591228010863  0.010778290608781204  0.004779620610996879  0.008976798756773175  -0.0027334426734701473  0.010188783689704922  
-0.0052657042042088395  -0.0012556795646081653  -0.011272329498762475  -0.0006118704648621652  -0.010871503636284936  -0.0057512689901757265  -0.0110924142547768  -0.008767269899096826  -0.006610760586868744  0.0  0.0013109371409805897  -0.007021714203460971  -5.0702211404257954e-05  -0.005088900905420331  -0.010015570664684571  0.0027505786162729385  0.00030253480797401964  -0.0012378166889180228  -0.0006412296493130171  -0.004912399455279908  -0.0005052236737249449  
-0.006051069944857702  -0.0014873819094514973  -0.012657096180018805  -0.0009420977830119816  -0.01325216535505226  -0.006239234900319261  -0.013266646766141494  -0.009675348848616828  -0.007735858527850785  -0.0013125840469365953  0.0  -0.008275759452962286  -0.0008133500392858937  -0.0059883201642191115  -0.01089973930335982  0.0014613791242567662  0.00010418544641413307  -0.0015059960797681792  -0.0009231487835232661  -0.005354790510340814  -0.0007776329215608992  
0.003061897352835836  0.0035401987283334396  -0.009076624499844848  0.016389926664014072  -0.004905033658702291  -0.0037558001427766457  -0.01111303637308877  -0.0013354885576649898  0.0031260927382958277  0.007009278386967964  0.008250318601117737  0.0  0.007880075650066445  0.006851779974121122  -0.0075806624926767026  0.00668971380037882  0.010641516343938147  0.004920490538953891  0.008483928763836017  -0.0023048746060774106  0.009870988925964422  
-0.006518915142927329  -0.0013818770315658087  -0.014793203710473764  -0.0006608709716482397  -0.012888618109414008  -0.006417130636389851  -0.01294046250617305  -0.01180706814651242  -0.007486969296812712  4.7062052636772766e-05  0.0008100277777069316  -0.007960941370499599  0.0  -0.007419153202501064  -0.012841373648220399  0.003608598657973934  0.0003360078295417899  -0.001387245567033427  -0.000741944932249884  -0.005478927656391004  -0.0006652379676787899  
-0.0051176935366488855  0.000657614291506991  -0.028506056348929328  0.003561085440585483  -0.014928214203923528  -0.00600865823600516  -0.016137453256184753  -0.02057077926348884  -0.006254666196338997  0.005081897830779844  0.005947193609252681  -0.006840817126162528  0.007255698115668151  0.0  -0.01973121666987736  0.005765828764577691  0.0035994481083038814  0.0011631278112031512  0.003079832426729704  -0.004728053610229732  0.005588644463748225  
0.030162076847485366  0.006350419053980084  -0.0017133809640070866  0.015616564384497359  0.003807981213316592  -0.001429519747648005  0.0015860218255674492  0.013512275760395173  0.009884703981884416  0.009995941912769462  0.010884743961239979  0.0075354048061532595  0.012613440657415884  0.01970135105433264  0.0  0.010043735078154125  0.010907873663593895  0.008744898941739292  0.015235503190347215  0.00019048296194232062  0.027967709338446497  
-0.005797673706217808  -0.0018014846840897134  -0.010922881941135876  -0.001351919282135416  -0.009542695511187745  -0.0061505837703686025  -0.009803916930536425  -0.009237135357259339  -0.0063714366358610195  -0.0027733028458049695  -0.001468572720733541  -0.006701009589365043  -0.0035974462559404605  -0.005792358142915887  -0.010083214019355196  0.0  -0.0004248730426300057  -0.0018548565470615963  -0.0013799956523761674  -0.005375212549377146  0.0  
-0.00758162117512178  -0.004226556662448193  -0.01094298289929443  -0.003049254094836389  -0.009246616366282287  -0.018249210793548052  -0.010884384046287237  -0.007513031637215425  -0.010710633545568189  -0.000301382463261549  -0.0001037514308073256  -0.010521436042155953  -0.00033304958012542787  -0.003577005750819771  -0.010880184019837945  0.0004233892440995261  0.0  -0.00584542673028939  -0.003908676571499358  -0.015152672139057242  -0.0010461086796775016  
-0.004801870759121703  -0.0012467447779630795  -0.0087367316084675  0.002329658929823592  -0.005105781819654325  -0.043164753780679764  -0.006325793032372504  -0.005414504885815063  -0.004862966308484013  0.0012511408728676247  0.001523304735320226  -0.004992728587703298  0.0014007083883186152  -0.0011880399553504835  -0.008909772602028495  0.0018691949726292658  0.005991408192776391  0.0  0.004455467081206422  -0.03170141314175573  0.0019957848373267036  
-0.010497319490246284  -0.0029077385254949574  -0.01475901922826606  0.0004459298934950178  -0.00813304084370714  -0.022163069533313567  -0.0100603503685107  -0.009326100733051922  -0.009006637259416502  0.0006430076259248379  0.0009259939253444284  -0.008526387006057217  0.0007415757181658343  -0.00311196980857384  -0.015286175595636617  0.0013808059845267114  0.003935609743395995  -0.00425840758786288  0.0  -0.018265822939359803  0.0006265048784239799  
0.004313969100476626  0.032439370234890234  -0.0003875930184518805  0.010848649684148745  0.001075089063944818  -0.021165670412263006  0.0003578984420382299  0.001785236294193911  0.0027604306868981607  0.004943559745094271  0.0053910500519509  0.0023230744055613836  0.005505609683183804  0.0047908868755219885  -0.00019182805106532851  0.005359974526558217  0.015262633475334872  0.03290153806783648  0.01851655489460153  0.0  0.009699931979232114  
-0.014321150063490676  -0.001873905775918922  -0.022717348373205343  -0.000320275808631259  -0.010954910752678203  -0.011166296901223364  -0.012399224101731584  -0.01896283711275897  -0.010096183142939358  0.0004993264009497926  0.0007864833173240625  -0.009834609359898213  0.0006507900483959966  -0.005722401526703844  -0.02798127272803837  0.0016847629274090515  0.0010484374317073133  -0.0019605540815128613  -0.0006269679271146111  -0.009684968080052633  0.0  
